1 _ 24 19
25 _ 12 8
15 _ 18 14
29 _ 22 4
5 _ 21 14
35 _ 17 13
36 _ 6 15
20 _ 23 2
36 _ 5 12
10 _ 18 4
12 _ 22 0
14 _ 3 23
25 _ 22 5
16 _ 17 23
5 _ 10 3
23 _ 8 21
7 _ 24 13
27 _ 21 24
2 _ 6 6
8 _ 20 0
7 _ 7 4
22 _ 24 13
6 _ 8 13
23 _ 10 9
9 _ 18 22
29 _ 16 1
28 _ 23 19
22 _ 16 17
21 _ 6 5
24 _ 2 18
30 _ 10 23
2 _ 4 5
16 _ 5 1
19 _ 20 1
12 _ 19 4
33 _ 0 5
22 _ 18 12
26 _ 23 8
36 _ 7 23
9 _ 20 13
34 _ 3 1
27 _ 24 6
29 _ 16 16
6 _ 11 5
32 _ 1 15
24 _ 2 17
12 _ 7 6
18 _ 18 21
23 _ 1 1
25 _ 12 1
0 _ 64 10
24 _ 1 20
10 _ 24 13
31 _ 17 8
17 _ 7 20
15 _ 139 18
13 _ 11 3
21 _ 19 10
25 _ 10 0
16 _ 15 21
34 _ 18 7
13 _ 14 24
32 _ 0 13
6 _ 11 0
13 _ 8 3
26 _ 0 18
17 _ 17 1
15 _ 142 6
15 _ 12 17
0 _ 14 7
34 _ 21 14
5 _ 11 11
32 _ 2 3
33 _ 5 4
21 _ 1 14
14 _ 18 17
37 _ 14 20
15 _ 16 10
3 _ 15 5
7 _ 9 12
26 _ 13 12
13 _ 16 23
25 _ 24 18
0 _ 9 16
4 _ 14 3
37 _ 10 6
0 _ 11 6
32 _ 1 14
35 _ 1 9
21 _ 14 24
15 _ 1 0
0 _ 139 112
7 _ 4 20
20 _ 8 4
1 _ 23 6
10 _ 6 59
0 _ 13 1
0 _ 5 0
16 _ 23 22
22 _ 22 7
2 _ 2 19
14 _ 1 7
9 _ 20 22
34 _ 22 21
18 _ 18 19
18 _ 8 14
10 _ 6 8
2 _ 23 19
5 _ 13 18
3 _ 60 24
12 _ 4 4
33 _ 8 21
20 _ 15 4
23 _ 80 6
0 _ 17 6
4 _ 8 8
15 _ 9 131
12 _ 18 10
36 _ 147 3
19 _ 15 11
20 _ 11 18
10 _ 8 1
19 _ 58 20
31 _ 18 14
27 _ 15 13
11 _ 6 5
1 _ 16 23
22 _ 15 7
3 _ 9 8
26 _ 5 13
4 _ 1 3
18 _ 21 115
7 _ 6 13
15 _ 4 7
6 _ 18 14
19 _ 18 22
26 _ 16 24
25 _ 9 20
20 _ 18 11
31 _ 8 5
23 _ 1 13
31 _ 21 1
32 _ 2 8
3 _ 24 8
12 _ 14 13
31 _ 23 12
14 _ 16 18
8 _ 11 8
35 _ 21 11
17 _ 14 9
15 _ 1 20
22 _ 17 18
3 _ 10 23
12 _ 4 20
26 _ 0 7
32 _ 159 20
34 _ 8 4
18 _ 9 3
32 _ 10 0
14 _ 1 8
32 _ 23 13
3 _ 12 11
5 _ 10 2
8 _ 0 8
25 _ 15 24
2 _ 8 8
36 _ 16 12
13 _ 20 11
35 _ 19 16
22 _ 3 3
30 _ 15 21
10 _ 11 14
21 _ 6 22
30 _ 24 17
28 _ 23 4
36 _ 1 1
4 _ 23 15
16 _ 4 1
19 _ 10 3
3 _ 14 7
15 _ 23 5
10 _ 5 13
13 _ 11 15
11 _ 2 19
37 _ 24 6
16 _ 3 196
33 _ 2 14
23 _ 23 7
2 _ 18 4
28 _ 10 0
28 _ 3 11
37 _ 22 7
15 _ 7 11
24 _ 5 0
11 _ 9 36
25 _ 3 4
11 _ 21 6
2 _ 21 128
10 _ 8 0
23 _ 20 270
18 _ 66 19
20 _ 17 23
20 _ 4 23
16 _ 23 275
35 _ 0 5
28 _ 16 6
31 _ 14 24
17 _ 233 22
36 _ 12 24
2 _ 6 22
22 _ 22 24
0 _ 22 12
27 _ 23 1
24 _ 18 177
1 _ 17 24
26 _ 15 2
2 _ 15 10
17 _ 15 12
33 _ 98 8
34 _ 7 5
8 _ 16 2
32 _ 2 7
20 _ 5 23
6 _ 202 20
22 _ 15 19
15 _ 10 7
19 _ 127 13
18 _ 3 22
5 _ 15 24
34 _ 4 3
10 _ 2 5
8 _ 24 7
26 _ 16 6
9 _ 9 8
23 _ 19 3
7 _ 17 5
2 _ 7 0
5 _ 2 11
22 _ 19 12
2 _ 23 21
29 _ 17 21
17 _ 17 9
6 _ 16 5
23 _ 18 12
32 _ 7 4
12 _ 12 8
9 _ 16 21
9 _ 21 3
30 _ 164 20
4 _ 23 13
17 _ 14 24
23 _ 14 15
15 _ 17 7
23 _ 11 6
16 _ 2 12
10 _ 15 7
8 _ 22 15
15 _ 9 24
31 _ 14 10
30 _ 18 13
35 _ 176 13
17 _ 15 4
31 _ 3 12
22 _ 18 19
6 _ 13 7
29 _ 17 7
24 _ 24 11
17 _ 0 3
31 _ 4 18
27 _ 23 2
7 _ 15 10
33 _ 21 21
35 _ 22 2
31 _ 2 10
21 _ 19 132
36 _ 24 14
30 _ 17 10
37 _ 12 21
5 _ 17 6
18 _ 15 14
5 _ 5 3
20 _ 23 7
1 _ 8 1
30 _ 24 7
31 _ 10 9
20 _ 13 12
20 _ 15 0
14 _ 20 4
0 _ 332 24
28 _ 17 3
22 _ 22 22
20 _ 0 24
18 _ 17 9
1 _ 22 19
34 _ 2 16
27 _ 2 11
7 _ 23 23
9 _ 6 7
14 _ 8 20
13 _ 19 3
13 _ 6 13
11 _ 11 6
13 _ 23 6
15 _ 18 21
3 _ 3 8
29 _ 10 8
30 _ 15 4
12 _ 10 5
34 _ 18 4
33 _ 7 21
17 _ 4 1
16 _ 17 14
24 _ 22 24
31 _ 20 13
11 _ 20 5
25 _ 9 23
12 _ 1 0
37 _ 9 22
8 _ 266 5
4 _ 2 10
24 _ 21 18
13 _ 167 279
27 _ 19 20
33 _ 6 19
34 _ 13 5
31 _ 3 6
33 _ 9 9
13 _ 3 15
4 _ 14 1
27 _ 1 6
16 _ 11 24
36 _ 11 11
37 _ 15 18
2 _ 6 1
10 _ 19 11
11 _ 15 17
18 _ 271 13
29 _ 4 10
8 _ 13 5
11 _ 16 8
12 _ 4 21
33 _ 7 22
31 _ 22 24
2 _ 7 2
23 _ 20 2
7 _ 21 14
36 _ 16 12
35 _ 8 10
17 _ 394 4
25 _ 21 10
25 _ 9 12
18 _ 8 10
3 _ 9 22
15 _ 4 4
33 _ 319 21
31 _ 16 16
26 _ 0 311
12 _ 13 5
16 _ 6 10
15 _ 7 19
10 _ 16 116
23 _ 0 21
16 _ 23 1
2 _ 20 17
31 _ 13 5
0 _ 23 5
32 _ 5 23
23 _ 0 388
3 _ 12 13
13 _ 18 14
35 _ 11 24
9 _ 11 2
18 _ 13 16
7 _ 2 8
18 _ 19 19
36 _ 4 220
10 _ 18 8
24 _ 15 22
2 _ 18 1
34 _ 16 15
35 _ 20 10
21 _ 23 21
6 _ 10 11
30 _ 5 11
34 _ 1 0
13 _ 10 16
12 _ 3 11
8 _ 14 1
35 _ 19 18
13 _ 13 3
5 _ 9 20
21 _ 21 1
7 _ 16 5
5 _ 340 4
11 _ 2 15
10 _ 14 21
24 _ 1 1
14 _ 7 3
34 _ 16 8
13 _ 20 0
15 _ 111 23
10 _ 6 22
18 _ 19 15
10 _ 21 24
3 _ 17 21
4 _ 15 5
34 _ 7 15
13 _ 13 10
25 _ 15 23
8 _ 11 16
33 _ 1 6
37 _ 7 19
31 _ 0 10
30 _ 23 3
15 _ 10 216
25 _ 22 19
8 _ 22 12
13 _ 8 19
8 _ 22 19
1 _ 3 1
10 _ 4 9
9 _ 19 1
2 _ 8 5
15 _ 96 8
24 _ 18 10
28 _ 5 12
4 _ 3 18
21 _ 23 23
37 _ 17 18
23 _ 24 12
15 _ 17 23
35 _ 13 24
18 _ 12 17
13 _ 1 20
9 _ 15 278
3 _ 16 29
26 _ 6 11
32 _ 7 2
25 _ 11 5
10 _ 21 17
15 _ 2 7
29 _ 23 3
22 _ 21 18
25 _ 15 16
29 _ 11 20
6 _ 10 1
28 _ 8 15
12 _ 2 22
9 _ 14 16
33 _ 19 18
37 _ 12 12
25 _ 11 14
5 _ 19 23
13 _ 4 1
20 _ 24 19
7 _ 512 0
13 _ 12 16
17 _ 23 9
22 _ 3 3
9 _ 7 17
23 _ 7 2
4 _ 5 20
0 _ 4 8
23 _ 4 24
28 _ 22 6
16 _ 1 9
26 _ 22 4
37 _ 6 7
7 _ 16 11
22 _ 3 7
13 _ 9 14
10 _ 15 7
27 _ 9 3
23 _ 10 15
6 _ 3 20
20 _ 24 2
11 _ 17 18
13 _ 3 0
20 _ 0 23
2 _ 20 11
23 _ 9 5
29 _ 7 23
17 _ 1 11
28 _ 1 6
1 _ 12 3
21 _ 7 22
30 _ 1 10
0 _ 19 17
1 _ 7 22
37 _ 1 2
16 _ 532 22
1 _ 21 12
4 _ 2 12
22 _ 9 13
31 _ 6 0
22 _ 0 22
29 _ 21 9
23 _ 23 3
27 _ 24 11
23 _ 13 17
18 _ 20 7
37 _ 15 8
21 _ 24 24
25 _ 8 14
15 _ 14 20
2 _ 21 3
23 _ 1 375
25 _ 11 3
22 _ 14 24
9 _ 23 13
19 _ 8 0
30 _ 18 61
36 _ 7 1
16 _ 19 22
4 _ 2 13
17 _ 9 4
8 _ 594 17
7 _ 8 16
32 _ 15 17
31 _ 16 18
22 _ 2 4
14 _ 13 24
21 _ 20 10
31 _ 2 15
26 _ 14 16
1 _ 13 3
24 _ 17 7
30 _ 23 17
27 _ 0 24
35 _ 15 9
37 _ 18 5
31 _ 4 13
37 _ 6 6
37 _ 1 14
23 _ 0 8
13 _ 5 6
26 _ 5 165
4 _ 3 21
15 _ 19 19
15 _ 15 20
4 _ 20 6
32 _ 1 6
21 _ 20 8
18 _ 11 17
17 _ 12 24
12 _ 15 20
25 _ 15 21
34 _ 13 7
29 _ 9 5
36 _ 23 16
11 _ 1 16
1 _ 7 15
8 _ 9 1
26 _ 14 23
5 _ 12 11
26 _ 13 11
23 _ 0 4
36 _ 394 10
9 _ 21 11
7 _ 20 23
20 _ 8 5
35 _ 17 9
1 _ 21 19
1 _ 7 18
20 _ 23 8
19 _ 24 504
0 _ 7 13
3 _ 20 16
25 _ 4 14
33 _ 10 12
2 _ 18 9
18 _ 4 13
5 _ 18 188
18 _ 21 24
4 _ 23 14
28 _ 12 10
27 _ 3 15
11 _ 13 18
3 _ 250 2
36 _ 8 21
22 _ 23 20
20 _ 23 19
22 _ 1 11
37 _ 6 23
22 _ 1 497
10 _ 24 4
18 _ 22 4
36 _ 10 15
10 _ 18 14
31 _ 13 147
28 _ 10 15
10 _ 29 13
34 _ 20 1
35 _ 24 24
4 _ 17 11
3 _ 7 22
7 _ 2 9
4 _ 17 6
9 _ 17 16
18 _ 21 20
28 _ 6 11
5 _ 6 8
28 _ 4 2
3 _ 10 2
4 _ 21 14
2 _ 4 8
18 _ 18 23
30 _ 24 22
16 _ 2 6
11 _ 12 684
23 _ 23 22
19 _ 4 6
26 _ 16 24
4 _ 10 24
22 _ 16 18
30 _ 22 0
0 _ 11 2
2 _ 635 23
2 _ 9 15
9 _ 24 22
4 _ 0 1
10 _ 3 9
34 _ 17 132
36 _ 13 17
33 _ 9 225
16 _ 15 18
22 _ 20 1
32 _ 20 2
26 _ 11 182
19 _ 3 20
6 _ 3 16
21 _ 17 17
9 _ 3 11
13 _ 20 9
6 _ 21 0
11 _ 538 21
2 _ 20 24
16 _ 2 23
28 _ 17 21
2 _ 17 7
20 _ 5 18
9 _ 23 5
32 _ 22 24
6 _ 14 5
31 _ 12 8
33 _ 17 19
32 _ 6 18
9 _ 16 19
21 _ 4 6
8 _ 598 1
4 _ 17 6
34 _ 16 0
34 _ 11 12
24 _ 21 19
13 _ 23 1
12 _ 17 23
5 _ 14 11
5 _ 17 2
32 _ 14 8
28 _ 7 1
12 _ 11 5
6 _ 12 13
14 _ 19 16
30 _ 1 19
32 _ 21 24
29 _ 1 8
0 _ 23 11
11 _ 5 12
16 _ 3 13
35 _ 1 20
29 _ 9 15
19 _ 173 0
14 _ 8 8
10 _ 22 21
3 _ 12 5
14 _ 18 5
13 _ 1 21
20 _ 374 12
12 _ 1 22
29 _ 724 2
3 _ 15 0
35 _ 727 14
30 _ 21 11
33 _ 17 428
17 _ 22 16
4 _ 21 14
31 _ 13 22
32 _ 15 16
6 _ 10 21
5 _ 0 164
23 _ 12 20
16 _ 20 21
28 _ 0 9
15 _ 17 9
16 _ 1 13
36 _ 5 22
36 _ 3 18
32 _ 14 20
23 _ 551 20
4 _ 18 14
33 _ 5 6
16 _ 24 6
35 _ 2 3
32 _ 14 9
33 _ 9 0
22 _ 7 11
29 _ 15 12
10 _ 15 13
28 _ 19 23
2 _ 18 7
32 _ 6 6
26 _ 19 3
18 _ 21 21
27 _ 9 17
2 _ 9 139
1 _ 0 7
36 _ 9 5
16 _ 14 13
8 _ 15 22
9 _ 15 6
36 _ 5 17
20 _ 23 21
13 _ 24 765
12 _ 9 12
34 _ 743 24
18 _ 14 10
13 _ 12 18
15 _ 4 16
18 _ 14 10
35 _ 7 1
31 _ 0 12
2 _ 5 10
28 _ 8 175
21 _ 6 9
21 _ 2 19
20 _ 13 7
28 _ 15 12
27 _ 24 12
22 _ 0 10
35 _ 20 11
11 _ 20 0
26 _ 7 7
27 _ 12 17
34 _ 1 1
25 _ 0 6
31 _ 21 16
3 _ 5 19
10 _ 21 20
26 _ 14 4
33 _ 23 12
20 _ 13 4
32 _ 6 21
20 _ 716 10
17 _ 15 4
3 _ 12 0
26 _ 18 4
6 _ 22 18
15 _ 21 7
2 _ 2 24
19 _ 21 15
5 _ 20 18
17 _ 10 15
21 _ 2 8
8 _ 2 5
33 _ 0 239
28 _ 3 6
11 _ 13 9
11 _ 9 6
24 _ 1 24
31 _ 19 0
25 _ 2 5
35 _ 22 16
7 _ 15 12
15 _ 15 3
32 _ 11 12
22 _ 23 18
37 _ 23 8
6 _ 18 1
8 _ 12 14
8 _ 22 2
27 _ 6 279
14 _ 7 19
2 _ 4 0
28 _ 4 9
16 _ 2 23
9 _ 23 21
5 _ 16 3
18 _ 24 22
17 _ 5 9
22 _ 2 10
33 _ 4 21
26 _ 18 20
3 _ 5 12
6 _ 18 10
7 _ 0 17
28 _ 11 16
10 _ 10 9
22 _ 17 2
15 _ 312 10
30 _ 11 13
35 _ 24 16
10 _ 4 1
18 _ 21 12
17 _ 9 19
1 _ 95 4
16 _ 179 16
10 _ 4 13
13 _ 18 17
21 _ 5 10
28 _ 0 0
10 _ 7 3
5 _ 7 22
21 _ 21 1
17 _ 8 528
28 _ 21 24
7 _ 13 11
33 _ 12 7
23 _ 21 15
16 _ 2 12
17 _ 9 6
14 _ 0 10
24 _ 754 8
9 _ 20 0
9 _ 22 0
19 _ 8 792
27 _ 3 24
22 _ 3 6
33 _ 23 6
23 _ 6 22
12 _ 24 8
26 _ 15 9
8 _ 9 11
36 _ 14 9
29 _ 13 6
28 _ 16 13
36 _ 19 448
4 _ 10 8
20 _ 19 18
5 _ 24 1
30 _ 17 11
2 _ 15 2
19 _ 11 21
3 _ 20 10
29 _ 14 7
19 _ 16 11
31 _ 4 502
10 _ 20 5
24 _ 11 0
12 _ 17 17
7 _ 2 17
23 _ 19 10
1 _ 444 4
34 _ 797 674
3 _ 20 24
14 _ 3 638
25 _ 4 1
6 _ 20 0
10 _ 1 19
12 _ 17 13
18 _ 16 14
8 _ 16 14
26 _ 7 23
32 _ 8 23
23 _ 8 3
32 _ 19 10
22 _ 21 9
37 _ 1 14
8 _ 11 20
18 _ 0 5
34 _ 22 22
14 _ 15 12
25 _ 11 3
18 _ 22 22
24 _ 21 1
12 _ 8 14
34 _ 17 17
24 _ 19 12
0 _ 22 9
19 _ 6 0
0 _ 15 3
11 _ 12 20
32 _ 13 16
34 _ 3 20
18 _ 2 5
28 _ 11 6
20 _ 14 15
4 _ 9 8
22 _ 152 780
7 _ 6 11
32 _ 13 7
33 _ 18 15
17 _ 18 10
32 _ 13 7
6 _ 14 5
2 _ 22 17
11 _ 13 20
9 _ 511 23
15 _ 974 15
37 _ 6 22
27 _ 12 19
26 _ 5 8
37 _ 11 9
17 _ 12 3
36 _ 15 19
30 _ 4 6
23 _ 9 9
10 _ 1 22
30 _ 10 5
12 _ 5 24
7 _ 23 456
15 _ 4 15
15 _ 8 13
28 _ 24 19
26 _ 16 9
14 _ 14 12
14 _ 4 2
37 _ 18 6
8 _ 13 13
21 _ 12 13
24 _ 22 1
0 _ 0 21
10 _ 16 6
19 _ 8 6
12 _ 12 13
36 _ 5 0
15 _ 4 3
7 _ 5 4
5 _ 19 3
1 _ 16 22
24 _ 17 12
37 _ 1 23
8 _ 1 63
24 _ 9 9
13 _ 4 6
35 _ 14 2
8 _ 1 793
14 _ 16 4
24 _ 14 4
9 _ 131 22
37 _ 8 20
35 _ 21 23
18 _ 6 23
15 _ 7 6
24 _ 23 13
2 _ 22 9
21 _ 12 12
23 _ 17 3
29 _ 6 0
4 _ 19 19
12 _ 14 8
10 _ 11 12
33 _ 16 11
29 _ 485 12
20 _ 15 18
31 _ 12 18
16 _ 22 20
13 _ 23 22
22 _ 15 24
29 _ 15 9
35 _ 19 13
7 _ 22 22
3 _ 8 11
17 _ 12 14
20 _ 16 0
2 _ 10 22
16 _ 1 18
18 _ 18 18
14 _ 12 17
20 _ 20 23
22 _ 1 23
14 _ 14 17
0 _ 23 9
34 _ 8 12
30 _ 22 15
3 _ 13 7
29 _ 14 16
2 _ 24 0
15 _ 18 7
4 _ 21 21
0 _ 2 11
36 _ 7 16
32 _ 156 17
30 _ 1 19
34 _ 4 9
6 _ 16 19
4 _ 0 22
26 _ 7 13
24 _ 5 21
1 _ 18 10
20 _ 20 13
7 _ 9 694
36 _ 11 10
28 _ 24 9
14 _ 536 22
32 _ 15 11
16 _ 0 22
17 _ 0 12
9 _ 17 10
36 _ 18 6
30 _ 22 3
17 _ 24 10
21 _ 17 12
37 _ 0 15
16 _ 6 13
29 _ 15 20
15 _ 22 2
14 _ 581 23
13 _ 21 14
29 _ 4 14
19 _ 14 11
31 _ 15 1
25 _ 1 18
4 _ 11 17
22 _ 20 20
5 _ 18 12
30 _ 10 16
22 _ 11 22
27 _ 5 14
35 _ 10 3
21 _ 18 23
37 _ 6 584
16 _ 16 21
13 _ 21 518
20 _ 12 7
29 _ 14 18
34 _ 20 11
1 _ 24 3
15 _ 8 4
6 _ 22 24
6 _ 10 23
17 _ 10 14
20 _ 18 19
6 _ 4 0
29 _ 6 0
33 _ 8 20
0 _ 8 23
14 _ 22 5
34 _ 0 6
25 _ 4 22
11 _ 23 11
3 _ 2 18
34 _ 10 0
2 _ 5 0
12 _ 0 24
36 _ 7 3
13 _ 0 18
19 _ 8 19
6 _ 1 23
15 _ 0 14
33 _ 14 17
24 _ 5 24
30 _ 21 20
18 _ 18 13
30 _ 5 6
3 _ 22 386
10 _ 20 2
30 _ 11 5
18 _ 13 780
20 _ 14 8
13 _ 24 17
20 _ 12 0
28 _ 18 1
35 _ 10 23
9 _ 12 20
25 _ 14 14
35 _ 21 9
24 _ 5 1
15 _ 5 2
25 _ 18 15
27 _ 21 1
33 _ 10 10
23 _ 11 1
16 _ 1 8
25 _ 3 10
9 _ 5 21
23 _ 12 2
19 _ 6 15
9 _ 1 23
20 _ 6 11
2 _ 12 16
17 _ 21 9
13 _ 19 15
26 _ 21 3
2 _ 16 12
28 _ 21 9
24 _ 9 6
32 _ 5 2
19 _ 14 22
17 _ 17 444
30 _ 13 18
11 _ 20 14
24 _ 16 322
24 _ 17 6
18 _ 7 17
14 _ 17 2
33 _ 10 11
16 _ 14 20
22 _ 13 7
4 _ 7 0
0 _ 19 1
27 _ 7 5
10 _ 12 569
17 _ 3 18
30 _ 213 7
26 _ 13 2
19 _ 17 4
3 _ 13 1
23 _ 6 8
33 _ 3 22
18 _ 19 2
20 _ 15 21
36 _ 4 11
2 _ 6 11
36 _ 10 20
2 _ 12 17
31 _ 16 10
8 _ 481 15
33 _ 8 1
35 _ 10 15
10 _ 1 17
7 _ 23 20
21 _ 7 1
34 _ 7 18
23 _ 2 3
11 _ 3 308
13 _ 15 2
9 _ 6 0
27 _ 3 0
0 _ 3 17
20 _ 19 2
16 _ 2 2
1 _ 20 7
9 _ 23 11
19 _ 1 9
4 _ 4 12
10 _ 21 16
8 _ 23 6
15 _ 7 2
27 _ 16 8
34 _ 17 8
31 _ 9 11
27 _ 1 9
18 _ 12 2
32 _ 6 6
31 _ 20 22
15 _ 3 15
14 _ 312 19
17 _ 14 0
10 _ 18 9
4 _ 13 11
9 _ 21 12
28 _ 16 18
2 _ 336 1083
10 _ 16 22
35 _ 9 11
9 _ 16 2
6 _ 2 21
32 _ 15 10
16 _ 2 9
29 _ 23 16
4 _ 11 5
15 _ 15 17
32 _ 353 3
24 _ 14 12
5 _ 2 22
29 _ 11 1
8 _ 15 11
20 _ 3 16
36 _ 17 24
19 _ 2 17
18 _ 12 4
32 _ 21 17
13 _ 11 23
29 _ 24 18
6 _ 23 7
4 _ 13 16
1 _ 13 0
37 _ 9 3
15 _ 12 8
15 _ 21 9
4 _ 24 20
7 _ 12 20
15 _ 18 786
24 _ 7 24
24 _ 24 0
5 _ 6 3
6 _ 10 6
16 _ 21 1
15 _ 17 11
15 _ 10 24
5 _ 24 11
21 _ 5 762
0 _ 21 8
37 _ 7 0
11 _ 11 17
9 _ 16 24
35 _ 9 1
7 _ 22 21
37 _ 10 765
35 _ 24 6
16 _ 4 12
0 _ 13 9
34 _ 8 14
26 _ 8 5
10 _ 22 1240
6 _ 15 0
17 _ 16 21
2 _ 6 2
10 _ 16 14
25 _ 22 1
7 _ 13 12
20 _ 15 2
24 _ 14 9
14 _ 12 17
12 _ 8 21
18 _ 21 8
8 _ 21 10
9 _ 16 12
26 _ 19 17
9 _ 16 16
21 _ 16 17
28 _ 8 18
25 _ 20 13
35 _ 4 1
33 _ 19 2
3 _ 22 9
0 _ 0 1
15 _ 6 6
23 _ 1 22
5 _ 23 14
11 _ 22 19
36 _ 3 1
9 _ 5 20
18 _ 8 16
27 _ 20 23
6 _ 20 10
35 _ 0 15
30 _ 7 4
22 _ 10 14
22 _ 3 14
5 _ 0 4
6 _ 11 5
4 _ 19 18
25 _ 1 6
1 _ 1036 21
27 _ 21 8
0 _ 9 4
23 _ 2 23
5 _ 20 21
1 _ 2 19
6 _ 18 16
12 _ 21 18
18 _ 9 15
13 _ 17 12
2 _ 9 17
9 _ 24 7
20 _ 9 14
32 _ 12 16
3 _ 17 12
32 _ 7 22
11 _ 1 1
37 _ 7 22
14 _ 10 0
36 _ 16 19
1 _ 11 2
33 _ 13 7
17 _ 11 4
29 _ 10 22
31 _ 16 12
22 _ 16 6
18 _ 0 1
18 _ 10 15
26 _ 13 7
17 _ 1173 23
10 _ 13 23
21 _ 16 11
11 _ 8 2
20 _ 22 9
27 _ 22 5
1 _ 20 8
1 _ 19 2
31 _ 1 15
17 _ 24 17
16 _ 22 7
7 _ 22 9
30 _ 13 8
8 _ 21 0
6 _ 11 4
19 _ 0 5
16 _ 1332 23
27 _ 12 24
13 _ 14 24
36 _ 11 10
23 _ 15 14
37 _ 14 6
11 _ 5 14
23 _ 4 17
15 _ 20 15
37 _ 19 21
35 _ 5 1
28 _ 1 10
10 _ 12 14
14 _ 17 18
29 _ 3 10
1 _ 214 14
28 _ 21 6
1 _ 1 7
31 _ 21 19
35 _ 8 20
37 _ 0 19
34 _ 17 2
13 _ 4 5
24 _ 24 16
2 _ 10 476
16 _ 23 56
27 _ 1 602
12 _ 16 879
22 _ 6 10
29 _ 17 20
35 _ 23 17
14 _ 95 4
5 _ 20 19
9 _ 8 18
0 _ 898 10
15 _ 8 16
1 _ 13 14
20 _ 17 21
25 _ 10 6
28 _ 23 7
7 _ 5 6
30 _ 18 2
28 _ 14 23
18 _ 10 7
26 _ 6 1088
10 _ 24 20
28 _ 21 7
2 _ 21 23
7 _ 3 9
20 _ 5 14
24 _ 16 1
20 _ 0 7
4 _ 8 5
16 _ 3 15
6 _ 18 15
13 _ 16 24
29 _ 3 5
8 _ 13 11
19 _ 2 1
19 _ 3 6
6 _ 21 1
3 _ 3 23
25 _ 21 24
5 _ 9 16
37 _ 7 4
31 _ 6 10
30 _ 24 14
36 _ 17 4
18 _ 1 21
23 _ 15 12
25 _ 7 14
3 _ 13 206
23 _ 13 13
37 _ 19 23
18 _ 20 2
8 _ 21 12
8 _ 19 0
30 _ 0 17
19 _ 12 11
27 _ 15 16
1 _ 2 15
14 _ 8 2
0 _ 23 8
34 _ 15 793
32 _ 18 3
29 _ 20 21
22 _ 0 7
21 _ 16 821
1 _ 19 6
36 _ 22 9
24 _ 9 7
25 _ 4 2
27 _ 19 2
18 _ 24 5
20 _ 0 9
34 _ 21 22
12 _ 5 11
32 _ 8 1
13 _ 1 426
14 _ 16 3
20 _ 9 14
36 _ 6 22
36 _ 10 23
17 _ 17 7
33 _ 18 11
37 _ 12 10
5 _ 5 6
20 _ 10 879
13 _ 9 21
9 _ 5 10
20 _ 5 20
19 _ 20 10
7 _ 16 15
22 _ 23 3
21 _ 12 13
21 _ 12 15
21 _ 22 14
10 _ 14 9
31 _ 4 0
22 _ 3 5
4 _ 12 2
10 _ 22 15
32 _ 20 39
3 _ 7 10
24 _ 15 0
1 _ 20 24
4 _ 10 14
35 _ 6 11
31 _ 16 9
14 _ 14 8
5 _ 2 24
0 _ 0 7
18 _ 24 20
24 _ 21 601
15 _ 4 4
27 _ 21 17
25 _ 19 21
20 _ 22 19
0 _ 21 6
11 _ 1 9
23 _ 3 14
9 _ 16 17
1 _ 1 8
6 _ 14 9
1 _ 22 19
15 _ 23 3
36 _ 24 15
9 _ 17 1
7 _ 3 0
36 _ 17 7
16 _ 20 8
24 _ 9 1269
33 _ 14 17
25 _ 13 17
18 _ 13 13
9 _ 5 18
30 _ 24 4
22 _ 18 1192
1 _ 8 1138
0 _ 13 17
14 _ 10 23
36 _ 13 0
17 _ 24 17
12 _ 6 4
13 _ 22 15
8 _ 5 20
33 _ 4 11
27 _ 21 9
15 _ 13 12
13 _ 24 253
1 _ 1 4
14 _ 13 4
21 _ 14 1
26 _ 22 15
15 _ 24 14
34 _ 2 17
35 _ 6 21
6 _ 8 1
10 _ 750 18
7 _ 4 1
17 _ 23 14
3 _ 24 24
7 _ 24 12
0 _ 9 16
15 _ 23 1
11 _ 13 13
29 _ 4 2
11 _ 23 3
16 _ 14 11
19 _ 22 3
14 _ 6 15
1 _ 15 7
24 _ 22 6
14 _ 5 22
20 _ 2 19
19 _ 12 11
18 _ 1 22
6 _ 2 3
8 _ 19 23
10 _ 3 4
11 _ 20 24
25 _ 1283 8
25 _ 4 19
11 _ 5 15
3 _ 9 20
31 _ 16 7
15 _ 6 3
14 _ 2 19
32 _ 11 15
2 _ 4 10
1 _ 11 24
17 _ 19 12
2 _ 13 0
10 _ 1 6
0 _ 3 11
30 _ 10 16
16 _ 16 3
0 _ 1243 19
27 _ 1 15
27 _ 8 8
11 _ 8 8
23 _ 16 12
13 _ 16 16
24 _ 4 3
23 _ 7 0
35 _ 19 3
25 _ 16 7
14 _ 17 23
19 _ 3 19
29 _ 4 11
37 _ 0 16
4 _ 4 24
37 _ 22 4
19 _ 16 21
29 _ 4 0
33 _ 18 9
8 _ 13 24
3 _ 24 19
4 _ 12 0
12 _ 7 17
12 _ 24 12
19 _ 16 13
8 _ 5 10
0 _ 23 21
17 _ 509 17
22 _ 1 19
4 _ 22 2
26 _ 11 19
22 _ 12 6
26 _ 11 14
5 _ 23 22
1 _ 242 4
10 _ 5 1520
6 _ 7 18
19 _ 18 1
20 _ 4 0
30 _ 2 21
5 _ 7 0
23 _ 6 22
22 _ 3 16
3 _ 746 2
27 _ 17 7
16 _ 16 24
12 _ 4 120
35 _ 16 16
28 _ 21 19
24 _ 21 23
3 _ 17 7
8 _ 1 5
16 _ 21 6
1 _ 3 20
17 _ 15 11
7 _ 8 11
22 _ 4 3
6 _ 10 5
33 _ 2 13
34 _ 22 6
6 _ 6 13
12 _ 7 23
1 _ 6 4
26 _ 16 7
6 _ 21 0
20 _ 13 14
35 _ 17 5
18 _ 24 1589
32 _ 23 19
22 _ 10 0
33 _ 11 1572
6 _ 20 21
17 _ 3 4
2 _ 8 4
23 _ 2 17
11 _ 15 4
3 _ 17 14
36 _ 18 2
25 _ 5 18
36 _ 19 14
4 _ 11 14
13 _ 20 16
21 _ 20 18
36 _ 14 19
25 _ 7 12
37 _ 16 2
29 _ 17 19
24 _ 17 16
36 _ 13 24
34 _ 10 24
9 _ 8 130
36 _ 21 21
23 _ 24 5
30 _ 19 4
2 _ 16 1030
24 _ 22 18
27 _ 1 24
27 _ 5 4
10 _ 2 5
37 _ 12 11
19 _ 0 15
4 _ 6 3
24 _ 9 17
35 _ 7 2
34 _ 22 21
19 _ 6 3
17 _ 23 22
0 _ 22 20
30 _ 4 23
7 _ 14 13
13 _ 19 0
1 _ 22 2
18 _ 11 6
36 _ 750 22
37 _ 629 12
11 _ 7 2
27 _ 13 13
9 _ 12 15
29 _ 1 18
34 _ 5 10
14 _ 19 20
4 _ 20 2
23 _ 1 23
37 _ 20 10
3 _ 16 5
18 _ 10 24
33 _ 1 9
5 _ 23 22
6 _ 24 16
15 _ 8 7
22 _ 24 12
19 _ 14 15
16 _ 2 20
6 _ 3 23
6 _ 7 3
28 _ 22 14
31 _ 2 18
4 _ 23 18
23 _ 8 2
37 _ 8 8
6 _ 6 4
24 _ 13 8
30 _ 22 9
16 _ 15 21
18 _ 8 13
11 _ 17 23
3 _ 7 1
31 _ 19 14
18 _ 4 1519
12 _ 19 17
11 _ 12 5
27 _ 1 1
1 _ 0 0
21 _ 9 23
19 _ 13 6
8 _ 0 4
36 _ 20 9
1 _ 19 19
30 _ 4 2
26 _ 19 8
28 _ 4 20
34 _ 19 0
29 _ 2 13
24 _ 12 12
24 _ 3 10
19 _ 18 18
1 _ 4 9
17 _ 8 10
1 _ 3 6
26 _ 11 24
36 _ 13 874
8 _ 15 5
1 _ 17 23
12 _ 14 8
29 _ 11 350
23 _ 21 0
35 _ 1547 16
12 _ 1 9
17 _ 23 8
5 _ 24 17
28 _ 14 955
20 _ 647 3
34 _ 15 10
25 _ 21 16
37 _ 6 6
17 _ 23 4
14 _ 23 1
33 _ 11 17
5 _ 7 1372
33 _ 15 1705
32 _ 16 8
29 _ 18 9
23 _ 1 8
34 _ 13 19
19 _ 11 1278
9 _ 5 5
12 _ 4 0
17 _ 12 16
8 _ 16 22
28 _ 2 15
4 _ 14 24
28 _ 1 3
2 _ 22 19
36 _ 15 13
36 _ 229 3
22 _ 23 14
12 _ 12 9
5 _ 12 228
9 _ 20 18
8 _ 6 13
26 _ 10 15
15 _ 5 5
23 _ 9 12
36 _ 12 17
12 _ 11 8
31 _ 14 14
33 _ 11 12
23 _ 14 12
27 _ 5 20
21 _ 18 5
14 _ 21 11
28 _ 3 1
0 _ 17 23
36 _ 7 3
31 _ 18 23
29 _ 1527 7
34 _ 12 3
2 _ 10 21
31 _ 10 14
27 _ 14 10
8 _ 8 11
17 _ 16 12
26 _ 24 2
11 _ 1 15
27 _ 23 10
11 _ 12 15
30 _ 6 5
16 _ 15 4
37 _ 2 4
12 _ 6 14
34 _ 1686 22
23 _ 1 14
18 _ 14 13
25 _ 14 4
36 _ 20 1063
3 _ 22 4
7 _ 4 2
26 _ 21 0
37 _ 7 12
29 _ 2 12
19 _ 12 2
22 _ 21 17
5 _ 19 2
35 _ 9 4
34 _ 22 21
19 _ 10 5
20 _ 2 8
12 _ 23 8
23 _ 3 9
17 _ 12 14
1 _ 1 419
30 _ 15 20
13 _ 22 24
9 _ 4 7
35 _ 15 754
3 _ 14 15
14 _ 14 3
24 _ 537 20
19 _ 18 5
10 _ 13 5
23 _ 4 21
37 _ 17 13
20 _ 23 14
18 _ 10 1
34 _ 1766 22
22 _ 14 12
14 _ 1 1
21 _ 6 12
30 _ 21 4
10 _ 8 20
10 _ 20 20
12 _ 2 3
7 _ 842 18
1 _ 3 23
18 _ 3 9
8 _ 10 55
21 _ 5 9
31 _ 11 13
11 _ 8 2
3 _ 3 9
33 _ 7 0
32 _ 15 16
24 _ 14 10
22 _ 20 21
4 _ 17 13
6 _ 6 21
36 _ 14 2
7 _ 21 12
25 _ 0 4
9 _ 20 24
34 _ 2 24
29 _ 4 15
9 _ 6 23
12 _ 23 267
6 _ 16 17
31 _ 14 6
6 _ 22 10
9 _ 21 4
8 _ 6 3
30 _ 20 11
8 _ 15 23
27 _ 8 17
27 _ 14 17
15 _ 24 9
35 _ 9 0
8 _ 16 0
26 _ 9 1
5 _ 16 24
17 _ 12 2
19 _ 12 17
9 _ 0 9
8 _ 15 11
4 _ 10 20
32 _ 13 441
5 _ 15 194
6 _ 12 3
20 _ 1 22
2 _ 15 22
11 _ 5 2
36 _ 18 5
37 _ 4 18
8 _ 9 165
33 _ 11 6
36 _ 10 1
12 _ 21 15
0 _ 23 4
26 _ 17 5
37 _ 808 6
13 _ 24 22
16 _ 17 19
28 _ 2 9
0 _ 2 19
23 _ 6 21
17 _ 15 575
31 _ 6 1
8 _ 20 11
2 _ 1266 216
25 _ 13 2
7 _ 23 21
14 _ 14 3
36 _ 20 23
0 _ 19 3
1 _ 7 13
2 _ 890 21
15 _ 18 7
0 _ 80 1579
37 _ 18 6
37 _ 10 15
16 _ 12 1
24 _ 601 15
13 _ 4 12
29 _ 9 11
35 _ 9 19
12 _ 20 20
29 _ 12 6
22 _ 13 16
4 _ 13 9
19 _ 10 24
1 _ 1333 9
16 _ 17 19
23 _ 5 7
28 _ 327 14
8 _ 18 8
35 _ 2 24
5 _ 7 11
8 _ 2 8
25 _ 1526 16
28 _ 17 20
15 _ 23 23
22 _ 10 3
25 _ 10 22
3 _ 24 18
31 _ 15 17
5 _ 20 1
36 _ 7 24
4 _ 5 12
0 _ 15 3
13 _ 4 305
2 _ 17 0
30 _ 88 6
14 _ 6 1
8 _ 22 14
11 _ 7 1
8 _ 0 1
28 _ 3 17
24 _ 7 8
20 _ 14 7
37 _ 15 23
24 _ 22 7
22 _ 12 7
16 _ 5 42
17 _ 10 16
33 _ 21 6
17 _ 10 23
36 _ 9 10
2 _ 10 1
21 _ 1 19
0 _ 24 1
30 _ 4 6
2 _ 16 200
22 _ 14 2
30 _ 4 12
17 _ 17 21
9 _ 19 21
1 _ 21 18
29 _ 22 7
5 _ 889 23
27 _ 7 19
12 _ 17 9
25 _ 24 4
32 _ 8 11
37 _ 16 4
4 _ 19 575
2 _ 23 11
25 _ 20 23
30 _ 20 10
13 _ 15 1566
12 _ 23 14
23 _ 14 1
21 _ 14 10
36 _ 7 24
15 _ 18 5
7 _ 1 7
33 _ 19 9
10 _ 21 21
26 _ 22 19
19 _ 0 21
35 _ 1068 16
4 _ 14 2
16 _ 17 18
4 _ 15 2
15 _ 19 19
35 _ 21 20
0 _ 24 1
1 _ 9 22
26 _ 0 20
17 _ 1891 17
23 _ 17 19
3 _ 19 13
10 _ 17 18
15 _ 10 14
6 _ 16 16
5 _ 12 7
0 _ 1521 1
14 _ 5 24
14 _ 9 19
21 _ 10 13
2 _ 2 14
15 _ 6 17
27 _ 6 9
37 _ 24 16
30 _ 6 5
10 _ 2 5
5 _ 7 24
34 _ 21 23
14 _ 22 24
30 _ 5 20
33 _ 8 5
1 _ 19 9
35 _ 21 12
35 _ 15 24
35 _ 21 17
15 _ 22 7
21 _ 17 18
12 _ 17 7
8 _ 6 6
10 _ 11 11
8 _ 11 0
27 _ 12 20
29 _ 13 18
9 _ 4 22
14 _ 7 21
19 _ 3 817
35 _ 19 5
17 _ 14 21
7 _ 15 15
9 _ 19 23
4 _ 22 16
36 _ 9 9
16 _ 11 22
3 _ 21 9
13 _ 16 13
33 _ 11 8
8 _ 21 7
17 _ 5 8
14 _ 5 24
9 _ 18 10
2 _ 24 23
6 _ 24 17
20 _ 10 0
8 _ 0 458
15 _ 8 23
29 _ 21 22
27 _ 3 5
3 _ 14 11
12 _ 24 15
17 _ 6 14
0 _ 24 1
16 _ 6 21
15 _ 10 22
1 _ 4 6
25 _ 0 14
35 _ 11 20
6 _ 20 20
19 _ 15 24
16 _ 15 5
3 _ 13 1
4 _ 18 18
9 _ 0 13
24 _ 0 21
9 _ 13 18
17 _ 3 13
10 _ 9 4
2 _ 12 22
5 _ 17 11
26 _ 22 5
7 _ 1072 20
37 _ 19 24
23 _ 9 5
10 _ 0 6
3 _ 258 241
37 _ 9 11
30 _ 7 337
31 _ 5 11
28 _ 20 18
8 _ 14 17
30 _ 7 5
0 _ 1279 9
11 _ 12 414
9 _ 18 20
16 _ 6 1
6 _ 9 15
22 _ 5 18
9 _ 6 2
27 _ 23 1
12 _ 18 261
8 _ 6 10
29 _ 4 13
31 _ 10 8
2 _ 19 21
27 _ 21 5
1 _ 6 769
12 _ 15 2
15 _ 972 22
21 _ 0 9
24 _ 11 0
9 _ 1757 10
0 _ 20 10
27 _ 23 21
13 _ 16 6
34 _ 13 19
24 _ 12 17
25 _ 21 24
3 _ 21 22
4 _ 7 1
19 _ 2 11
35 _ 4 5
9 _ 22 21
11 _ 11 12
20 _ 1 18
23 _ 21 13
8 _ 17 0
15 _ 6 8
7 _ 21 17
27 _ 22 5
12 _ 1905 15
14 _ 7 16
23 _ 19 16
27 _ 6 11
35 _ 19 1
20 _ 7 17
9 _ 6 4
32 _ 15 11
4 _ 13 23
16 _ 10 1
18 _ 17 6
11 _ 9 0
36 _ 18 11
22 _ 17 11
16 _ 17 9
8 _ 5 4
13 _ 9 21
37 _ 24 1358
3 _ 21 18
29 _ 13 21
27 _ 0 0
1 _ 4 21
15 _ 505 8
36 _ 21 24
6 _ 8 4
35 _ 6 15
3 _ 13 23
15 _ 10 6
29 _ 4 22
5 _ 18 571
19 _ 1455 19
29 _ 3 9
21 _ 17 7
23 _ 16 0
31 _ 23 8
7 _ 19 18
8 _ 8 5
10 _ 13 6
8 _ 19 21
19 _ 20 9
32 _ 8 19
24 _ 24 13
30 _ 2 21
9 _ 21 9
36 _ 18 2
31 _ 22 11
4 _ 18 21
25 _ 7 12
18 _ 1 10
21 _ 22 12
21 _ 1301 3
28 _ 24 16
9 _ 24 17
5 _ 8 2
24 _ 2 17
9 _ 2207 3
27 _ 24 19
29 _ 12 14
22 _ 20 5
23 _ 14 9
32 _ 3 4
33 _ 21 15
2 _ 22 23
24 _ 7 1
22 _ 1 17
32 _ 12 15
12 _ 13 6
27 _ 1025 14
33 _ 12 22
24 _ 13 13
6 _ 22 21
36 _ 24 14
25 _ 13 17
10 _ 24 9
18 _ 2 9
17 _ 8 15
24 _ 4 1251
33 _ 18 19
8 _ 18 1379
22 _ 2 19
4 _ 4 1
18 _ 4 10
4 _ 8 1734
32 _ 0 12
11 _ 23 0
34 _ 5 1
7 _ 10 14
32 _ 20 2
11 _ 21 0
5 _ 3 7
32 _ 19 14
20 _ 12 15
10 _ 7 7
15 _ 22 3
11 _ 3 5
3 _ 15 588
14 _ 21 4
15 _ 0 1151
12 _ 12 15
6 _ 19 1088
11 _ 12 8
33 _ 16 2
27 _ 5 17
3 _ 17 6
16 _ 21 13
33 _ 7 10
25 _ 23 2
22 _ 22 2
6 _ 15 0
19 _ 18 22
7 _ 22 1160
16 _ 24 7
37 _ 19 3
25 _ 14 13
23 _ 508 13
30 _ 10 9
16 _ 12 9
30 _ 2 1
7 _ 22 17
28 _ 1 10
4 _ 17 2
33 _ 16 21
15 _ 2 1639
13 _ 24 12
19 _ 11 16
19 _ 1223 2
22 _ 24 5
35 _ 24 15
17 _ 9 7
31 _ 0 22
18 _ 0 9
5 _ 6 7
26 _ 18 4
36 _ 2040 13
21 _ 2 0
33 _ 18 0
15 _ 16 7
0 _ 4 14
12 _ 2014 6
24 _ 11 3
28 _ 21 5
2 _ 19 11
32 _ 13 16
22 _ 1191 20
18 _ 22 24
5 _ 19 21
25 _ 7 16
15 _ 19 12
0 _ 552 13
19 _ 17 17
7 _ 5 12
37 _ 13 3
6 _ 1 19
27 _ 21 7
13 _ 15 8
29 _ 23 24
31 _ 24 16
7 _ 11 18
14 _ 12 23
22 _ 0 5
22 _ 13 16
9 _ 1609 1231
23 _ 2 5
4 _ 20 0
24 _ 2196 16
1 _ 8 3
34 _ 13 18
18 _ 23 22
16 _ 5 21
11 _ 1 0
16 _ 9 11
33 _ 22 15
23 _ 1 17
28 _ 20 9
30 _ 14 16
30 _ 19 1911
27 _ 0 4
2 _ 1 6
33 _ 4 24
2 _ 16 5
26 _ 7 5
35 _ 21 17
32 _ 9 5
19 _ 24 7
13 _ 148 8
27 _ 10 14
19 _ 16 19
0 _ 20 19
7 _ 23 6
29 _ 11 12
16 _ 4 14
33 _ 1920 0
20 _ 0 1388
16 _ 24 19
16 _ 22 24
28 _ 24 16
26 _ 12 13
24 _ 14 1183
17 _ 5 4
32 _ 19 19
5 _ 6 20
5 _ 4 13
14 _ 20 15
31 _ 2 16
22 _ 2114 18
26 _ 1 6
32 _ 22 4
17 _ 9 22
27 _ 3 19
14 _ 24 23
23 _ 3 10
24 _ 6 17
6 _ 4 15
4 _ 9 20
32 _ 21 0
9 _ 1605 9
3 _ 18 3
0 _ 1 16
7 _ 18 1
13 _ 22 5
26 _ 11 20
19 _ 0 13
13 _ 5 22
28 _ 11 1542
26 _ 22 16
35 _ 0 21
14 _ 22 1
30 _ 4 11
13 _ 7 10
19 _ 6 16
28 _ 7 23
0 _ 22 8
10 _ 19 23
25 _ 8 318
27 _ 3 11
12 _ 24 581
18 _ 0 2
24 _ 23 0
19 _ 14 17
26 _ 2 10
10 _ 9 13
34 _ 8 12
8 _ 2 11
16 _ 6 16
37 _ 0 68
36 _ 12 20
36 _ 8 11
31 _ 371 5
37 _ 8 0
12 _ 17 23
23 _ 24 17
17 _ 21 0
0 _ 21 21
35 _ 1211 17
30 _ 21 866
34 _ 24 8
18 _ 16 3
17 _ 8 12
37 _ 10 15
30 _ 6 1936
13 _ 12 9
33 _ 0 4
26 _ 24 3
22 _ 663 10
19 _ 15 7
20 _ 17 21
27 _ 23 751
4 _ 5 3
30 _ 0 14
18 _ 9 16
31 _ 12 12
5 _ 8 2086
22 _ 21 9
10 _ 8 23
0 _ 15 17
22 _ 11 20
32 _ 6 23
15 _ 1 9
21 _ 10 15
14 _ 19 11
34 _ 4 0
19 _ 13 8
37 _ 22 0
36 _ 10 14
20 _ 24 14
37 _ 3 22
15 _ 6 17
25 _ 9 20
35 _ 19 9
17 _ 24 20
3 _ 11 11
33 _ 13 7
12 _ 10 6
6 _ 24 16
33 _ 17 10
11 _ 3 4
12 _ 8 13
2 _ 7 3
33 _ 905 4
7 _ 4 12
32 _ 6 10
1 _ 23 3
17 _ 18 10
14 _ 17 5
12 _ 9 22
21 _ 0 2
26 _ 6 7
2 _ 23 21
18 _ 0 5
4 _ 13 676
11 _ 6 10
0 _ 4 11
3 _ 1 8
7 _ 18 8
21 _ 19 20
27 _ 11 4
3 _ 136 24
11 _ 2388 16
12 _ 5 4
15 _ 3 0
1 _ 10 22
20 _ 16 4
10 _ 1 11
26 _ 15 2
8 _ 8 21
30 _ 10 20
24 _ 23 13
21 _ 4 10
17 _ 1 11
17 _ 22 10
1 _ 1 8
19 _ 22 22
32 _ 22 16
29 _ 23 14
23 _ 2 1
8 _ 3 12
7 _ 5 19
16 _ 16 20
35 _ 24 17
23 _ 10 17
8 _ 12 1
30 _ 10 1805
16 _ 6 12
15 _ 16 3
21 _ 20 1
12 _ 1 10
16 _ 10 3
3 _ 11 17
30 _ 4 23
13 _ 22 24
10 _ 11 13
0 _ 5 5
13 _ 8 5
21 _ 13 4
37 _ 2 9
7 _ 13 9
26 _ 11 15
10 _ 15 0
1 _ 21 18
14 _ 2 5
5 _ 14 15
7 _ 21 21
7 _ 13 12
33 _ 15 1
14 _ 1 9
35 _ 17 17
23 _ 21 24
9 _ 4 11
19 _ 6 22
4 _ 21 19
10 _ 6 24
33 _ 11 5
3 _ 21 6
7 _ 12 22
9 _ 7 24
26 _ 10 11
6 _ 0 0
16 _ 16 20
25 _ 14 22
16 _ 1228 9
3 _ 8 21
6 _ 4 16
35 _ 0 6
21 _ 1 10
27 _ 1 22
5 _ 21 5
17 _ 21 5
36 _ 8 9
19 _ 20 17
8 _ 22 2
9 _ 23 19
22 _ 2 12
3 _ 21 6
36 _ 7 4
21 _ 19 22
24 _ 17 21
2 _ 20 16
12 _ 16 1
4 _ 2 7
8 _ 1107 831
22 _ 14 18
19 _ 18 16
8 _ 22 19
3 _ 22 4
5 _ 10 21
27 _ 16 13
34 _ 12 20
10 _ 5 6
30 _ 9 20
6 _ 23 17
15 _ 19 20
10 _ 6 21
21 _ 21 23
31 _ 5 19
28 _ 3 7
4 _ 20 24
19 _ 21 11
18 _ 12 10
36 _ 1342 10
2 _ 9 21
13 _ 0 3
23 _ 19 2292
23 _ 16 14
37 _ 1 16
19 _ 1 23
10 _ 2 9
12 _ 21 13
27 _ 16 24
27 _ 4 18
17 _ 1 23
9 _ 22 1681
7 _ 6 15
15 _ 4 8
36 _ 20 11
34 _ 11 6
35 _ 10 4
0 _ 13 14
26 _ 2404 18
24 _ 14 9
37 _ 19 13
21 _ 10 0
16 _ 0 2
15 _ 7 17
6 _ 1 18
31 _ 13 22
14 _ 19 15
21 _ 13 4
3 _ 3 7
9 _ 24 13
24 _ 7 9
30 _ 6 19
19 _ 8 5
16 _ 4 7
7 _ 16 0
23 _ 15 2
20 _ 18 7
16 _ 11 10
12 _ 18 15
29 _ 2 2
11 _ 10 756
12 _ 1 11
10 _ 15 11
26 _ 12 4
5 _ 0 7
16 _ 0 12
32 _ 0 1
6 _ 22 2
0 _ 5 20
17 _ 17 12
33 _ 3 12
11 _ 4 21
11 _ 2259 223
19 _ 12 8
23 _ 12 18
7 _ 11 19
33 _ 22 3
30 _ 15 14
6 _ 0 5
8 _ 24 24
24 _ 1520 1
26 _ 7 13
3 _ 8 11
20 _ 9 0
34 _ 20 3
6 _ 24 12
11 _ 9 19
9 _ 0 18
36 _ 14 17
37 _ 10 13
3 _ 23 4
10 _ 12 6
33 _ 7 17
14 _ 2 12
20 _ 14 6
14 _ 5 0
34 _ 19 24
7 _ 22 1
12 _ 12 17
13 _ 1476 1
8 _ 10 16
27 _ 17 14
16 _ 3 3
8 _ 7 6
8 _ 12 15
12 _ 4 1
6 _ 20 1311
8 _ 5 19
32 _ 8 950
6 _ 10 6
7 _ 18 21
14 _ 24 10
12 _ 16 19
17 _ 8 676
12 _ 20 5
10 _ 2 9
24 _ 12 17
18 _ 3 22
26 _ 11 9
23 _ 20 24
10 _ 19 2
1 _ 5 6
15 _ 6 18
24 _ 11 24
27 _ 8 21
31 _ 23 10
25 _ 13 4
35 _ 2 10
15 _ 16 12
2 _ 21 19
27 _ 11 16
37 _ 20 9
22 _ 22 21
25 _ 9 23
8 _ 4 20
35 _ 4 10
5 _ 16 13
3 _ 18 12
4 _ 11 10
31 _ 9 0
21 _ 23 12
34 _ 821 23
20 _ 10 2
10 _ 0 5
32 _ 11 20
37 _ 13 13
6 _ 6 16
27 _ 1 17
24 _ 22 23
37 _ 12 18
17 _ 3 17
12 _ 1 23
11 _ 14 1655
37 _ 70 24
11 _ 16 2
25 _ 1668 9
36 _ 13 4
28 _ 14 16
21 _ 6 7
25 _ 5 1475
6 _ 5 15
21 _ 14 13
32 _ 3 9
16 _ 2171 17
16 _ 1301 2066
24 _ 22 11
24 _ 13 2
5 _ 11 3
31 _ 2 9
28 _ 3 13
8 _ 5 13
21 _ 14 24
5 _ 14 13
20 _ 7 1
22 _ 12 7
14 _ 9 21
18 _ 5 13
8 _ 2 18
30 _ 5 6
20 _ 16 10
35 _ 11 0
9 _ 19 10
2 _ 1 18
20 _ 17 23
4 _ 2 7
3 _ 10 6
27 _ 16 17
11 _ 2 1
2 _ 18 19
21 _ 18 18
18 _ 3 23
20 _ 8 5
5 _ 3 16
14 _ 11 12
11 _ 22 11
22 _ 4 3
5 _ 12 16
31 _ 6 8
25 _ 10 8
6 _ 2588 14
19 _ 22 19
13 _ 14 8
4 _ 23 0
36 _ 6 18
0 _ 2 12
0 _ 4 22
20 _ 19 5
11 _ 8 7
33 _ 2 22
21 _ 0 22
13 _ 10 10
9 _ 8 9
31 _ 22 21
17 _ 1 2
6 _ 4 24
32 _ 14 23
22 _ 17 10
34 _ 24 19
27 _ 12 19
21 _ 1185 9
7 _ 19 13
24 _ 4 22
2 _ 18 6
25 _ 23 20
2 _ 4 11
8 _ 16 16
3 _ 4 12
36 _ 5 1
31 _ 1663 19
10 _ 11 7
11 _ 6 9
0 _ 7 11
32 _ 12 15
2 _ 15 2113
36 _ 16 19
28 _ 8 832
24 _ 13 3
25 _ 23 17
3 _ 8 24
2 _ 5 8
4 _ 21 6
26 _ 0 228
27 _ 0 3
6 _ 1 0
13 _ 1704 2483
37 _ 17 16
15 _ 23 5
18 _ 16 22
37 _ 1602 4
1 _ 7 23
31 _ 10 18
24 _ 4 0
34 _ 5 5
15 _ 2497 1
6 _ 8 23
16 _ 22 12
15 _ 18 7
1 _ 11 9
32 _ 24 20
26 _ 1611 20
20 _ 21 3
24 _ 24 1347
5 _ 24 8
16 _ 13 12
35 _ 0 6
10 _ 15 24
18 _ 12 13
16 _ 3 2
29 _ 422 17
37 _ 0 22
13 _ 12 22
1 _ 15 3
34 _ 18 11
12 _ 5 7
25 _ 4 7
33 _ 3 20
3 _ 23 18
11 _ 11 9
16 _ 3 9
3 _ 13 14
16 _ 1 21
18 _ 22 6
16 _ 13 0
28 _ 2 14
1 _ 22 1340
18 _ 23 12
12 _ 21 10
16 _ 19 1
19 _ 3 3
10 _ 4 1
31 _ 13 7
0 _ 3 12
7 _ 18 1
17 _ 20 2
30 _ 9 1713
33 _ 2 5
12 _ 18 1
11 _ 2 3
10 _ 0 16
8 _ 7 24
32 _ 823 5
9 _ 19 24
30 _ 11 22
27 _ 21 4
24 _ 22 4
29 _ 6 6
29 _ 2 15
12 _ 22 2314
22 _ 12 11
21 _ 21 10
2 _ 10 19
37 _ 7 10
24 _ 23 1
36 _ 10 13
17 _ 0 2
10 _ 11 8
20 _ 1 1
27 _ 23 15
13 _ 11 23
10 _ 1 1
20 _ 5 2
8 _ 0 11
7 _ 11 19
10 _ 19 20
3 _ 4 7
16 _ 23 14
11 _ 329 1
4 _ 14 4
20 _ 23 6
20 _ 7 21
29 _ 21 4
32 _ 21 2087
4 _ 16 16
27 _ 4 10
7 _ 24 8
35 _ 17 11
0 _ 10 22
37 _ 8 5
31 _ 12 11
15 _ 19 18
1 _ 23 16
32 _ 3 20
28 _ 16 7
19 _ 831 5
11 _ 1 9
25 _ 11 6
10 _ 22 7
30 _ 5 8
32 _ 4 11
10 _ 14 7
19 _ 13 24
16 _ 18 4
37 _ 2 19
8 _ 2 4
31 _ 22 2
18 _ 17 10
24 _ 12 24
4 _ 14 4
30 _ 10 1498
26 _ 15 0
35 _ 16 18
14 _ 6 17
26 _ 21 9
0 _ 10 3
37 _ 18 13
25 _ 19 10
0 _ 11 6
29 _ 17 23
8 _ 21 8
7 _ 2 2
14 _ 3 2
25 _ 9 2
7 _ 4 8
12 _ 15 16
30 _ 0 0
36 _ 0 15
26 _ 21 13
31 _ 23 19
31 _ 4 12
16 _ 17 5
37 _ 9 7
24 _ 23 1
30 _ 15 3
2 _ 19 3
1 _ 2 2783
21 _ 17 8
5 _ 2 11
5 _ 18 24
29 _ 13 20
11 _ 8 8
36 _ 3 9
21 _ 4 8
10 _ 21 24
11 _ 20 24
6 _ 14 5
31 _ 10 6
11 _ 3 22
36 _ 13 10
25 _ 13 5
17 _ 17 11
27 _ 20 10
17 _ 20 7
18 _ 3 17
13 _ 23 2
8 _ 0 9
29 _ 9 23
36 _ 9 9
4 _ 5 20
7 _ 19 8
10 _ 15 5
36 _ 23 24
12 _ 19 1
5 _ 1 7
30 _ 7 20
31 _ 14 8
37 _ 3 24
4 _ 9 13
28 _ 18 20
8 _ 21 6
1 _ 4 22
7 _ 12 14
4 _ 4 16
18 _ 13 21
10 _ 13 11
21 _ 16 24
28 _ 23 10
24 _ 22 21
10 _ 5 0
23 _ 2528 6
6 _ 10 1745
17 _ 14 19
37 _ 21 6
19 _ 36 11
18 _ 14 22
7 _ 3 17
18 _ 23 10
16 _ 9 981
26 _ 20 9
1 _ 0 12
32 _ 15 6
2 _ 10 7
3 _ 6 17
17 _ 3 8
4 _ 1290 15
29 _ 5 15
35 _ 20 2711
34 _ 261 9
28 _ 20 13
19 _ 3 9
29 _ 2 11
8 _ 4 22
11 _ 13 24
34 _ 13 10
26 _ 9 2
30 _ 1488 13
2 _ 4 22
18 _ 24 435
29 _ 0 10
25 _ 21 3
35 _ 17 10
7 _ 6 5
25 _ 0 15
30 _ 24 12
10 _ 1 4
9 _ 1 20
25 _ 2 10
10 _ 23 13
6 _ 15 0
28 _ 17 24
14 _ 21 3
4 _ 5 20
26 _ 4 0
13 _ 1325 14
5 _ 22 23
20 _ 22 15
13 _ 4 21
12 _ 1 12
36 _ 1 6
8 _ 16 22
24 _ 12 0
6 _ 22 23
10 _ 15 2
15 _ 11 14
8 _ 4 18
12 _ 11 1258
8 _ 1 0
34 _ 16 19
12 _ 18 10
2 _ 13 11
13 _ 14 22
6 _ 13 7
7 _ 15 6
11 _ 4 9
24 _ 714 24
1 _ 10 11
36 _ 8 2
31 _ 15 9
22 _ 3 11
11 _ 15 24
18 _ 2 5
3 _ 1008 24
0 _ 8 23
12 _ 24 14
32 _ 14 10
23 _ 10 3
13 _ 14 7
7 _ 0 778
17 _ 9 0
31 _ 3 17
35 _ 19 2
3 _ 13 19
11 _ 5 23
6 _ 0 21
9 _ 22 11
36 _ 7 8
12 _ 1 1100
10 _ 21 10
29 _ 23 2
14 _ 11 19
10 _ 13 7
1 _ 23 6
22 _ 20 11
11 _ 17 4
5 _ 11 24
4 _ 24 0
7 _ 22 9
16 _ 4 18
24 _ 7 12
17 _ 24 24
5 _ 2 21
1 _ 20 2
35 _ 2528 20
3 _ 11 8
0 _ 21 11
1 _ 5 3
32 _ 11 20
28 _ 0 5
24 _ 8 4
22 _ 17 2
21 _ 1 2416
18 _ 17 4
19 _ 13 9
28 _ 1637 0
12 _ 24 18
14 _ 4 24
13 _ 12 2
4 _ 10 18
33 _ 21 7
6 _ 2 12
8 _ 11 12
23 _ 21 22
7 _ 6 24
1 _ 1 20
36 _ 21 24
19 _ 11 18
0 _ 4 5
5 _ 18 8
35 _ 20 7
25 _ 3 19
27 _ 16 6
22 _ 12 2729
28 _ 19 22
5 _ 11 23
21 _ 8 23
18 _ 0 9
26 _ 1 1
32 _ 11 1
25 _ 1 1
37 _ 6 13
25 _ 9 20
18 _ 14 21
10 _ 4 2
10 _ 23 7
19 _ 3 16
15 _ 17 90
4 _ 4 13
19 _ 4 5
16 _ 21 6
1 _ 21 3
19 _ 12 4
20 _ 11 1091
37 _ 8 22
4 _ 17 8
9 _ 2 4
36 _ 20 8
12 _ 16 24
19 _ 24 15
37 _ 20 16
0 _ 19 3
9 _ 21 22
29 _ 3 21
33 _ 2120 0
8 _ 19 10
12 _ 20 6
18 _ 18 10
9 _ 18 5
27 _ 16 4
7 _ 10 1
24 _ 9 9
12 _ 24 1
17 _ 13 15
7 _ 3 8
14 _ 3 23
17 _ 19 2
14 _ 23 1
34 _ 13 7
13 _ 18 22
30 _ 20 14
33 _ 5 1
5 _ 16 5
12 _ 22 6
22 _ 17 16
11 _ 10 16
35 _ 7 11
22 _ 20 22
6 _ 0 1
9 _ 12 5
6 _ 18 14
14 _ 6 23
33 _ 24 17
31 _ 13 543
25 _ 5 16
13 _ 16 999
26 _ 0 2
20 _ 7 17
32 _ 19 2827
11 _ 12 22
25 _ 13 8
22 _ 14 14
5 _ 14 11
21 _ 21 21
9 _ 5 10
26 _ 2 24
9 _ 9 0
0 _ 3041 18
3 _ 23 0
19 _ 11 24
6 _ 15 10
9 _ 22 17
24 _ 19 14
26 _ 24 1
18 _ 8 9
2 _ 24 21
34 _ 14 16
5 _ 20 15
11 _ 8 16
22 _ 24 7
11 _ 11 12
36 _ 21 21
26 _ 15 13
36 _ 5 10
13 _ 20 6
7 _ 3 19
34 _ 5 6
25 _ 22 2
5 _ 4 13
13 _ 22 0
29 _ 16 3
6 _ 3 4
26 _ 8 18
31 _ 16 5
5 _ 4 19
36 _ 18 9
16 _ 1 23
5 _ 15 5
5 _ 20 745
19 _ 3 4
23 _ 14 18
21 _ 22 16
37 _ 13 6
24 _ 2527 13
28 _ 11 7
18 _ 12 14
37 _ 13 19
5 _ 15 15
37 _ 12 11
29 _ 10 22
25 _ 17 16
15 _ 4 20
27 _ 16 8
0 _ 3 8
15 _ 2 14
17 _ 16 18
6 _ 10 7
30 _ 7 15
13 _ 21 6
29 _ 7 22
2 _ 15 14
2 _ 22 19
3 _ 7 7
28 _ 22 2
13 _ 20 24
31 _ 19 6
5 _ 5 10
13 _ 2 2
11 _ 11 3
9 _ 10 15
7 _ 1772 12
16 _ 23 15
30 _ 1 18
8 _ 20 6
29 _ 11 17
16 _ 14 19
0 _ 11 7
11 _ 17 8
11 _ 4 18
2 _ 12 8
7 _ 23 21
24 _ 17 10
5 _ 6 19
16 _ 9 17
15 _ 9 5
37 _ 7 2850
1 _ 433 1341
13 _ 9 9
21 _ 14 2
1 _ 14 20
14 _ 15 8
0 _ 9 1490
31 _ 18 21
18 _ 2 10
26 _ 2 24
26 _ 15 16
0 _ 19 11
2 _ 24 16
35 _ 6 22
2 _ 8 2599
12 _ 7 22
35 _ 14 12
12 _ 21 16
16 _ 13 14
10 _ 24 21
16 _ 13 24
28 _ 12 3
36 _ 9 6
10 _ 18 15
25 _ 22 23
4 _ 2 19
6 _ 10 24
8 _ 3 2
5 _ 20 24
36 _ 0 15
19 _ 21 3
13 _ 7 13
16 _ 19 8
23 _ 16 24
5 _ 10 20
2 _ 2 24
5 _ 11 24
19 _ 5 4
8 _ 14 21
8 _ 17 24
17 _ 19 11
0 _ 18 16
32 _ 6 23
10 _ 24 18
20 _ 5 24
0 _ 4 1845
24 _ 23 6
32 _ 14 5
26 _ 8 9
29 _ 20 24
12 _ 24 14
16 _ 6 7
21 _ 18 1
31 _ 173 12
15 _ 12 18
3 _ 20 4
34 _ 10 11
10 _ 8 3
14 _ 20 8
22 _ 12 3
10 _ 8 11
19 _ 18 10
15 _ 6 5
34 _ 19 7
31 _ 11 3
8 _ 9 5
13 _ 10 18
26 _ 5 24
30 _ 7 2678
18 _ 11 23
35 _ 13 6
17 _ 14 14
31 _ 18 17
35 _ 0 22
32 _ 9 10
7 _ 14 20
19 _ 10 1969
35 _ 16 19
11 _ 9 0
9 _ 1 1
21 _ 1700 10
7 _ 21 13
29 _ 24 18
30 _ 3 8
13 _ 21 19
14 _ 6 14
28 _ 4 14
0 _ 357 23
24 _ 8 13
2 _ 556 16
33 _ 21 4
27 _ 24 13
32 _ 11 7
36 _ 16 11
36 _ 4 18
24 _ 4 23
16 _ 3 15
2 _ 10 4
26 _ 6 4
11 _ 16 11
31 _ 2 13
7 _ 19 20
4 _ 15 6
30 _ 0 14
8 _ 692 21
1 _ 21 23
2 _ 2145 16
34 _ 19 22
15 _ 22 24
2 _ 21 12
13 _ 4 18
29 _ 9 13
5 _ 6 1
29 _ 16 14
20 _ 2 17
21 _ 20 17
32 _ 12 18
14 _ 16 4
16 _ 3397 3
25 _ 17 19
32 _ 6 23
20 _ 6 8
29 _ 23 7
23 _ 6 8
8 _ 1 10
21 _ 10 22
7 _ 17 0
19 _ 7 17
28 _ 15 4
31 _ 11 11
4 _ 16 2410
2 _ 20 23
18 _ 11 22
22 _ 4 24
31 _ 2422 19
32 _ 4 229
4 _ 1 4
11 _ 13 12
2 _ 3 8
5 _ 4 0
3 _ 18 18
10 _ 16 11
13 _ 2 8
31 _ 1853 0
25 _ 1421 16
9 _ 1 8
8 _ 12 18
12 _ 9 13
25 _ 21 18
22 _ 7 3
6 _ 9 15
33 _ 24 22
30 _ 21 3
5 _ 21 8
36 _ 22 12
17 _ 14 13
11 _ 12 870
27 _ 14 15
29 _ 21 23
32 _ 15 15
14 _ 16 22
5 _ 24 17
24 _ 0 22
19 _ 16 1059
14 _ 14 24
33 _ 15 5
31 _ 12 16
36 _ 11 12
36 _ 13 1
26 _ 7 11
17 _ 15 4
36 _ 1 21
9 _ 16 23
11 _ 0 17
16 _ 17 9
14 _ 14 15
10 _ 16 10
36 _ 14 16
31 _ 1 24
8 _ 22 841
10 _ 0 15
27 _ 6 12
6 _ 7 24
33 _ 13 24
31 _ 20 13
17 _ 7 20
22 _ 13 21
33 _ 1 22
21 _ 14 4
6 _ 14 21
36 _ 22 22
31 _ 24 10
35 _ 19 13
12 _ 22 22
5 _ 6 19
34 _ 8 2622
34 _ 0 19
13 _ 7 21
33 _ 20 4
8 _ 14 13
15 _ 13 18
1 _ 23 10
22 _ 16 11
24 _ 2 3
10 _ 22 6
16 _ 12 0
5 _ 16 3
19 _ 5 16
17 _ 3 9
22 _ 17 16
24 _ 3347 24
1 _ 19 2
18 _ 12 24
5 _ 16 17
10 _ 1 21
6 _ 6 1
14 _ 24 8
18 _ 15 18
29 _ 24 14
7 _ 20 3302
30 _ 15 19
15 _ 8 19
12 _ 8 13
6 _ 5 19
12 _ 15 5
6 _ 20 6
16 _ 6 15
26 _ 21 2
37 _ 23 4
36 _ 21 22
29 _ 24 14
26 _ 5 12
12 _ 10 20
1 _ 16 8
7 _ 0 926
1 _ 2 16
14 _ 18 12
24 _ 8 3
16 _ 16 3
34 _ 6 22
24 _ 12 7
21 _ 3 0
25 _ 23 15
2 _ 438 2193
9 _ 24 20
2 _ 15 17
28 _ 4 10
17 _ 2 282
28 _ 6 5
34 _ 20 3
2 _ 12 7
37 _ 2 10
28 _ 270 6
30 _ 16 6
14 _ 11 24
7 _ 19 19
17 _ 8 19
26 _ 15 18
31 _ 18 21
4 _ 5 7
19 _ 6 0
26 _ 12 10
4 _ 20 10
24 _ 15 10
32 _ 15 4
19 _ 21 5
21 _ 0 18
24 _ 22 11
3 _ 1 7
1 _ 19 20
4 _ 3 6
30 _ 1 1871
1 _ 1 15
21 _ 18 2
14 _ 9 3
9 _ 12 8
19 _ 3 15
26 _ 21 14
22 _ 14 1651
3 _ 11 10
20 _ 19 3
35 _ 2 12
32 _ 20 15
36 _ 1 12
1 _ 17 24
32 _ 21 22
24 _ 14 7
3 _ 20 14
35 _ 8 16
5 _ 3486 2567
27 _ 23 9
37 _ 22 4
15 _ 24 2
32 _ 19 2560
14 _ 20 4
2 _ 17 2
22 _ 14 10
4 _ 23 10
15 _ 19 21
9 _ 4 23
26 _ 23 7
0 _ 652 4
1 _ 13 7
6 _ 3 15
6 _ 0 1
21 _ 16 22
20 _ 13 23
13 _ 20 20
22 _ 5 10
27 _ 5 0
25 _ 23 19
30 _ 16 8
23 _ 0 3
1 _ 6 1
9 _ 8 3
20 _ 11 17
7 _ 15 23
25 _ 3 24
29 _ 10 10
36 _ 6 24
23 _ 4 19
19 _ 3 7
28 _ 10 22
4 _ 21 23
7 _ 17 16
22 _ 24 0
23 _ 2 24
25 _ 18 1505
32 _ 7 20
11 _ 15 10
12 _ 20 3
21 _ 22 19
22 _ 17 20
34 _ 21 2
6 _ 9 2
4 _ 8 15
26 _ 4 11
2 _ 22 9
27 _ 20 5
17 _ 1 12
26 _ 0 12
12 _ 3 14
7 _ 3 8
6 _ 3 18
2 _ 23 1
18 _ 2 21
22 _ 12 0
0 _ 6 14
16 _ 1 14
35 _ 4 8
28 _ 14 3
15 _ 15 23
8 _ 5 10
6 _ 2846 0
15 _ 14 1865
31 _ 9 17
12 _ 10 22
19 _ 12 1
32 _ 13 6
34 _ 11 15
7 _ 6 0
7 _ 1 11
12 _ 24 2968
20 _ 3 13
23 _ 10 13
16 _ 14 12
14 _ 19 22
11 _ 22 24
35 _ 20 5
21 _ 8 11
5 _ 9 1119
3 _ 13 10
27 _ 10 3
21 _ 3 5
14 _ 19 7
20 _ 2 24
9 _ 3 22
33 _ 1 5
28 _ 19 6
11 _ 21 1068
8 _ 21 2
10 _ 0 7
0 _ 3 21
17 _ 10 13
14 _ 14 21
10 _ 18 23
26 _ 20 24
15 _ 14 10
2 _ 6 20
36 _ 6 7
2 _ 14 16
26 _ 17 3
32 _ 2 7
27 _ 14 7
18 _ 6 20
3 _ 8 16
18 _ 15 19
15 _ 13 1
11 _ 19 24
14 _ 0 19
10 _ 2 4
9 _ 4 4
20 _ 22 21
30 _ 11 4
23 _ 17 5
24 _ 13 23
7 _ 24 9
17 _ 4 21
9 _ 5 0
15 _ 0 14
5 _ 20 6
17 _ 12 18
32 _ 8 1156
10 _ 210 2142
28 _ 10 2
16 _ 1 4
19 _ 8 1
14 _ 19 24
13 _ 18 24
14 _ 9 2817
34 _ 24 2
27 _ 4 22
3 _ 19 6
3 _ 2 9
16 _ 1311 22
2 _ 3 14
3 _ 23 8
4 _ 15 15
19 _ 2894 24
36 _ 18 14
29 _ 12 3
32 _ 1546 18
4 _ 17 11
10 _ 10 16
27 _ 18 15
25 _ 15 3
28 _ 15 4
25 _ 22 0
32 _ 21 9
35 _ 22 20
16 _ 6 6
2 _ 14 9
25 _ 12 2025
27 _ 8 8
12 _ 15 3
17 _ 5 10
32 _ 21 16
18 _ 3 7
31 _ 22 10
12 _ 12 8
22 _ 19 23
35 _ 23 11
9 _ 21 2
16 _ 11 22
2 _ 2 17
10 _ 1887 4
6 _ 4 21
5 _ 12 9
16 _ 4 18
33 _ 4 22
6 _ 16 20
15 _ 8 1
0 _ 1983 24
23 _ 2 9
35 _ 2 2
19 _ 17 258
33 _ 10 22
11 _ 17 14
12 _ 3 5
5 _ 11 13
3 _ 459 7
6 _ 23 13
2 _ 8 8
25 _ 13 20
15 _ 12 18
0 _ 5 0
22 _ 21 10
25 _ 10 16
23 _ 5 0
36 _ 23 20
23 _ 14 16
24 _ 22 0
11 _ 12 3
11 _ 22 24
3 _ 18 18
18 _ 14 20
24 _ 16 15
23 _ 1 18
13 _ 14 6
11 _ 16 22
20 _ 23 1
0 _ 11 2
11 _ 10 10
31 _ 0 0
2 _ 14 22
25 _ 16 24
4 _ 0 23
21 _ 18 6
3 _ 2 18
7 _ 13 6
9 _ 3 8
6 _ 4 2
16 _ 18 18
34 _ 14 17
4 _ 22 2
30 _ 19 3364
15 _ 13 2
30 _ 14 5
30 _ 20 9
30 _ 10 9
27 _ 4 14
2 _ 420 10
15 _ 24 8
22 _ 2 11
8 _ 5 15
30 _ 2543 252
29 _ 8 8
19 _ 3 18
17 _ 10 16
23 _ 6 8
33 _ 17 24
27 _ 20 18
27 _ 5 14
34 _ 7 5
15 _ 2 13
31 _ 13 6
4 _ 12 13
22 _ 21 6
14 _ 3 15
6 _ 14 9
20 _ 16 20
36 _ 17 9
24 _ 6 8
9 _ 21 8
17 _ 19 21
24 _ 3 20
32 _ 12 23
13 _ 17 11
15 _ 7 8
33 _ 363 16
32 _ 15 17
24 _ 23 3
34 _ 11 1
35 _ 16 13
4 _ 9 2287
24 _ 18 4
22 _ 13 3
3 _ 2758 16
22 _ 10 10
14 _ 2 18
34 _ 2 13
10 _ 3 15
13 _ 21 20
32 _ 15 8
9 _ 0 12
7 _ 24 3
14 _ 14 7
11 _ 10 11
36 _ 20 10
37 _ 6 20
22 _ 1 23
36 _ 12 23
20 _ 15 4
9 _ 15 13
5 _ 4 22
23 _ 9 23
35 _ 13 3
5 _ 6 8
10 _ 3 14
18 _ 15 6
10 _ 23 24
9 _ 6 2
31 _ 20 20
6 _ 8 4
35 _ 11 7
14 _ 13 14
9 _ 19 21
30 _ 24 0
15 _ 20 7
4 _ 21 12
17 _ 0 24
20 _ 7 18
15 _ 536 23
31 _ 22 12
20 _ 17 15
5 _ 17 15
18 _ 22 7
18 _ 19 20
22 _ 21 19
7 _ 19 9
34 _ 1 20
10 _ 9 14
5 _ 24 11
34 _ 22 23
35 _ 10 22
10 _ 3 5
3 _ 22 11
27 _ 15 7
20 _ 24 23
0 _ 20 11
24 _ 16 10
4 _ 23 12
20 _ 11 3040
19 _ 19 14
35 _ 11 19
2 _ 6 20
14 _ 20 17
12 _ 3 23
1 _ 17 22
21 _ 1172 18
18 _ 18 22
22 _ 8 14
14 _ 3 20
9 _ 10 9
29 _ 13 21
11 _ 20 21
25 _ 16 18
13 _ 13 2
23 _ 7 22
8 _ 9 21
24 _ 11 1
1 _ 20 23
8 _ 7 11
35 _ 15 21
33 _ 14 8
19 _ 6 7
26 _ 19 21
3 _ 2 0
13 _ 22 16
5 _ 1323 11
9 _ 16 24
23 _ 0 22
9 _ 23 22
20 _ 7 21
8 _ 14 1
36 _ 17 3875
13 _ 22 3
17 _ 2 17
19 _ 2 15
18 _ 14 18
30 _ 23 0
28 _ 15 1
2 _ 21 16
33 _ 23 24
33 _ 18 2
32 _ 956 20
7 _ 2151 4
9 _ 0 7
17 _ 15 8
21 _ 1584 10
17 _ 22 12
12 _ 3 14
17 _ 10 1
16 _ 19 17
33 _ 23 3
7 _ 18 1
9 _ 10 10
2 _ 17 23
17 _ 18 8
18 _ 12 18
16 _ 1926 13
14 _ 11 12
16 _ 16 1845
21 _ 4 19
34 _ 1 22
27 _ 14 21
32 _ 4 20
10 _ 14 0
29 _ 7 21
28 _ 15 21
20 _ 18 5
4 _ 8 9
36 _ 21 5
37 _ 8 23
26 _ 22 5
31 _ 1 11
37 _ 23 21
7 _ 1 17
18 _ 19 19
0 _ 20 6
8 _ 2 19
25 _ 22 23
13 _ 4 1321
10 _ 8 23
29 _ 1 15
19 _ 23 0
25 _ 24 20
2 _ 16 7
22 _ 10 2977
33 _ 20 80
31 _ 15 275
24 _ 8 3
34 _ 8 10
23 _ 19 7
9 _ 6 16
6 _ 3 19
32 _ 156 17
9 _ 6 10
34 _ 9 0
31 _ 6 12
35 _ 6 3
2 _ 11 4
8 _ 2 579
28 _ 19 24
6 _ 2 4
29 _ 12 16
0 _ 15 14
18 _ 4 2
17 _ 9 15
23 _ 16 24
2 _ 2 6
7 _ 3379 19
35 _ 20 23
7 _ 8 757
29 _ 15 1
16 _ 5 21
31 _ 9 5
8 _ 24 19
6 _ 11 14
20 _ 11 20
1 _ 1365 7
24 _ 1 14
7 _ 9 23
13 _ 14 0
27 _ 24 15
9 _ 24 8
30 _ 21 7
25 _ 17 5
33 _ 13 21
20 _ 1 10
35 _ 3 5
14 _ 6 21
17 _ 3459 24
20 _ 18 6
26 _ 20 13
6 _ 3 21
8 _ 22 12
5 _ 291 23
11 _ 8 22
35 _ 3063 16
14 _ 12 3
22 _ 22 17
8 _ 17 1290
14 _ 13 6
7 _ 21 8
30 _ 15 1130
27 _ 9 0
9 _ 0 5
12 _ 3668 19
25 _ 22 23
35 _ 8 7
33 _ 20 12
37 _ 12 9
32 _ 23 12
0 _ 14 2650
12 _ 13 2882
29 _ 5 15
23 _ 19 9
20 _ 23 23
1 _ 20 2600
11 _ 17 9
36 _ 21 12
24 _ 20 9
3 _ 8 10
15 _ 9 17
22 _ 17 24
34 _ 17 6
11 _ 9 13
24 _ 16 7
30 _ 826 6
6 _ 2 24
37 _ 18 24
30 _ 7 18
22 _ 17 12
15 _ 2 21
22 _ 13 23
36 _ 21 22
5 _ 19 11
31 _ 9 2
30 _ 17 6
10 _ 20 17
33 _ 6 0
36 _ 0 24
27 _ 1 14
14 _ 0 9
27 _ 20 16
13 _ 9 22
17 _ 0 16
16 _ 5 17
25 _ 11 13
12 _ 22 20
1 _ 2 5
9 _ 10 7
32 _ 18 19
22 _ 11 8
18 _ 3 5
3 _ 12 14
36 _ 13 1
8 _ 3 1
14 _ 12 18
19 _ 4 2
13 _ 17 20
16 _ 16 3
15 _ 14 20
37 _ 0 21
17 _ 0 13
19 _ 11 20
20 _ 7 9
1 _ 2669 11
26 _ 0 13
21 _ 20 1
20 _ 3 17
11 _ 21 15
3 _ 8 18
36 _ 19 6
29 _ 16 13
5 _ 2100 2
14 _ 20 1
22 _ 4 18
10 _ 14 1960
1 _ 19 17
25 _ 7 11
13 _ 13 19
13 _ 10 14
30 _ 6 1
5 _ 20 23
21 _ 3750 11
10 _ 22 14
4 _ 9 16
21 _ 18 8
29 _ 447 20
8 _ 2 12
8 _ 9 13
3 _ 1940 22
16 _ 738 12
32 _ 7 0
9 _ 9 15
25 _ 12 13
14 _ 0 2282
1 _ 18 19
26 _ 15 21
1 _ 16 9
2 _ 196 11
19 _ 18 18
4 _ 17 16
31 _ 12 12
11 _ 21 6
0 _ 6 16
21 _ 1437 18
3 _ 6 7
2 _ 10 20
12 _ 22 11
2 _ 16 12
4 _ 4035 2043
33 _ 7 9
22 _ 4 17
32 _ 0 19
21 _ 18 16
1 _ 16 22
32 _ 4 17
3 _ 19 4
16 _ 24 24
0 _ 10 6
26 _ 5 17
5 _ 7 1
23 _ 5 19
17 _ 22 2
27 _ 19 2
6 _ 23 4
5 _ 6 22
25 _ 3 20
18 _ 0 23
6 _ 2351 2
23 _ 16 9
26 _ 14 14
37 _ 11 17
15 _ 20 5
11 _ 17 15
9 _ 14 24
15 _ 22 20
33 _ 4 9
26 _ 20 8
26 _ 21 24
0 _ 1 6
0 _ 2 23
23 _ 21 23
16 _ 15 6
3 _ 17 1
25 _ 14 7
28 _ 17 23
20 _ 7 24
31 _ 13 18
18 _ 7 13
26 _ 0 19
21 _ 2 3
9 _ 0 7
9 _ 17 18
23 _ 14 15
14 _ 13 18
17 _ 18 11
30 _ 0 5
29 _ 2971 20
26 _ 4 9
25 _ 9 2606
12 _ 18 10
4 _ 14 13
10 _ 7 0
7 _ 11 1241
26 _ 10 19
36 _ 0 24
4 _ 0 15
10 _ 5 15
14 _ 2 15
33 _ 4 23
31 _ 3 3
9 _ 11 16
1 _ 6 20
35 _ 20 13
28 _ 0 0
28 _ 2 1
3 _ 17 9
2 _ 8 2
33 _ 5 17
8 _ 15 4
7 _ 16 2808
26 _ 24 17
13 _ 5 16
6 _ 3073 21
37 _ 152 0
22 _ 18 2
7 _ 14 2
16 _ 23 18
36 _ 4 10
2 _ 9 5
8 _ 7 16
26 _ 7 17
11 _ 17 22
35 _ 5 0
33 _ 8 0
9 _ 10 0
35 _ 11 10
2 _ 12 1
29 _ 13 22
13 _ 17 1
5 _ 11 23
6 _ 14 15
0 _ 5 24
35 _ 14 17
34 _ 1 10
9 _ 5 12
13 _ 2 17
18 _ 18 10
19 _ 3 5
29 _ 20 0
30 _ 2 16
35 _ 13 12
28 _ 18 22
7 _ 7 4
2 _ 4 11
5 _ 16 18
27 _ 14 4
5 _ 7 10
33 _ 23 2448
12 _ 6 2
0 _ 16 12
25 _ 2532 3
26 _ 433 7
36 _ 15 24
30 _ 10 5
14 _ 16 23
21 _ 11 0
7 _ 16 4
3 _ 4 24
11 _ 13 2
4 _ 11 15
1 _ 8 3210
37 _ 8 19
27 _ 5 23
6 _ 17 5
17 _ 1839 3983
11 _ 8 19
8 _ 17 5
25 _ 0 0
32 _ 3241 17
28 _ 6 4
0 _ 3 0
32 _ 13 9
25 _ 18 0
17 _ 23 1
35 _ 15 16
37 _ 16 10
22 _ 13 3797
32 _ 2 17
27 _ 7 12
6 _ 6 1
30 _ 24 4
34 _ 19 4
17 _ 4 5
0 _ 19 11
37 _ 18 16
28 _ 19 22
12 _ 13 0
23 _ 7 1526
36 _ 23 6
32 _ 23 7
32 _ 1 12
23 _ 8 21
9 _ 15 10
5 _ 1673 20
31 _ 18 21
3 _ 3777 4
3 _ 22 260
30 _ 23 11
25 _ 1 15
11 _ 10 20
36 _ 11 12
37 _ 2 14
32 _ 5 20
17 _ 6 0
25 _ 14 18
2 _ 5 10
13 _ 19 8
19 _ 7 15
14 _ 1 5
25 _ 2 8
26 _ 19 2
35 _ 8 1844
17 _ 24 1
4 _ 7 17
26 _ 15 21
11 _ 7 3
11 _ 16 0
29 _ 23 7
20 _ 11 0
9 _ 17 24
29 _ 11 22
7 _ 24 2
35 _ 4 9
15 _ 0 23
13 _ 23 22
28 _ 12 2050
35 _ 16 1
27 _ 19 19
31 _ 1230 21
22 _ 20 15
14 _ 18 11
8 _ 11 12
8 _ 17 15
27 _ 14 10
24 _ 3 18
33 _ 11 19
37 _ 12 13
7 _ 4 18
27 _ 20 24
30 _ 7 19
36 _ 23 20
5 _ 22 21
8 _ 23 9
2 _ 6 1
31 _ 16 22
0 _ 2 17
35 _ 1898 4
34 _ 24 23
27 _ 23 15
28 _ 3 24
18 _ 11 14
33 _ 12 9
30 _ 22 1
21 _ 15 6
31 _ 4 7
15 _ 13 2
34 _ 1 15
30 _ 4181 22
1 _ 15 24
20 _ 7 10
16 _ 20 3
6 _ 10 16
28 _ 0 15
13 _ 1 4
8 _ 9 18
12 _ 23 10
2 _ 6 1
20 _ 19 22
21 _ 8 15
1 _ 15 2
37 _ 19 2
37 _ 21 22
33 _ 6 23
2 _ 2 12
14 _ 18 21
19 _ 8 17
11 _ 9 8
29 _ 7 448
29 _ 7 3
14 _ 3794 23
18 _ 5 20
24 _ 7 2410
1 _ 22 13
37 _ 9 22
32 _ 9 5
5 _ 0 3
27 _ 2792 10
22 _ 10 18
2 _ 16 3
37 _ 3 22
36 _ 11 3728
8 _ 20 2656
30 _ 15 24
10 _ 8 5
15 _ 1 3
11 _ 17 0
31 _ 18 4200
10 _ 2 14
17 _ 23 1
6 _ 0 6
13 _ 23 2
34 _ 9 13
30 _ 10 14
1 _ 2 20
1 _ 684 22
33 _ 21 17
14 _ 8 7
20 _ 3 11
18 _ 17 13
8 _ 7 12
17 _ 6 9
6 _ 19 24
24 _ 1526 23
4 _ 11 24
3 _ 12 11
5 _ 5 24
32 _ 8 19
37 _ 13 20
19 _ 19 19
35 _ 1 11
4 _ 8 8
2 _ 5 21
28 _ 9 15
21 _ 18 11
32 _ 20 23
30 _ 18 24
1 _ 12 11
23 _ 3 4421
36 _ 12 9
16 _ 1 13
29 _ 24 20
19 _ 547 0
1 _ 13 17
31 _ 3063 3
29 _ 13 0
6 _ 5 21
10 _ 7 13
15 _ 7 20
6 _ 2 4
31 _ 14 18
15 _ 14 23
2 _ 18 2
4 _ 23 22
25 _ 10 12
26 _ 14 24
4 _ 10 6
22 _ 17 8
28 _ 23 5
5 _ 1365 19
20 _ 22 10
6 _ 9 13
35 _ 10 22
20 _ 1 7
9 _ 7 8
4 _ 2 14
14 _ 10 15
29 _ 5 6
5 _ 0 22
21 _ 13 5
31 _ 13 7
26 _ 21 4
32 _ 7 22
20 _ 14 11
24 _ 23 12
31 _ 15 1219
4 _ 19 4
3 _ 13 1
25 _ 15 19
4 _ 0 13
31 _ 21 19
34 _ 11 7
13 _ 3 15
2 _ 20 13
37 _ 9 23
23 _ 17 10
2 _ 20 6
1 _ 2 6
23 _ 4 0
27 _ 21 4132
36 _ 1038 17
18 _ 18 21
21 _ 15 2
1 _ 7 15
4 _ 12 3
7 _ 9 16
19 _ 2 17
0 _ 20 5
8 _ 18 2
2 _ 11 0
36 _ 13 6
27 _ 7 16
10 _ 9 10
15 _ 10 17
5 _ 5 17
2 _ 17 5
23 _ 19 14
24 _ 14 10
18 _ 9 14
9 _ 20 24
10 _ 5 21
12 _ 0 11
35 _ 10 9
34 _ 16 8
32 _ 22 23
16 _ 19 9
36 _ 9 18
23 _ 4 3531
19 _ 21 8
10 _ 16 8
7 _ 0 0
36 _ 24 14
17 _ 21 5
2 _ 16 19
9 _ 18 17
22 _ 14 10
34 _ 8 17
7 _ 19 24
19 _ 12 18
34 _ 20 5
8 _ 22 15
33 _ 7 14
19 _ 12 21
23 _ 4 724
8 _ 24 18
20 _ 8 12
34 _ 14 23
15 _ 0 17
19 _ 13 11
24 _ 6 9
1 _ 2 11
26 _ 7 4
25 _ 19 14
31 _ 8 0
31 _ 19 3128
32 _ 13 15
13 _ 17 8
2 _ 3 22
2 _ 3 3
20 _ 6 2
25 _ 19 20
14 _ 0 24
10 _ 19 18
35 _ 3 19
24 _ 17 16
26 _ 11 0
13 _ 6 15
31 _ 1 18
18 _ 14 6
33 _ 19 19
0 _ 2 11
30 _ 15 9
21 _ 12 24
35 _ 23 20
35 _ 3 23
13 _ 19 12
12 _ 19 15
26 _ 12 22
12 _ 3988 7
20 _ 19 4147
19 _ 9 14
17 _ 7 23
0 _ 11 11
25 _ 5 15
36 _ 18 12
13 _ 10 1418
20 _ 10 21
14 _ 9 22
7 _ 14 4
32 _ 24 16
34 _ 331 12
17 _ 1467 5
32 _ 16 17
9 _ 16 24
26 _ 16 16
6 _ 22 4
10 _ 13 17
8 _ 8 1
7 _ 21 20
29 _ 21 24
6 _ 23 2361
11 _ 19 13
27 _ 9 9
5 _ 6 13
22 _ 10 1
0 _ 1 5
8 _ 12 2
10 _ 6 22
26 _ 8 2
31 _ 23 21
3 _ 7 10
24 _ 2 12
7 _ 11 23
11 _ 8 12
0 _ 14 11
3 _ 7 4
1 _ 5 8
13 _ 6 2
14 _ 9 24
11 _ 5 20
12 _ 0 14
33 _ 22 7
14 _ 19 9
14 _ 1 7
10 _ 2896 3
15 _ 21 8
12 _ 8 4
20 _ 18 3
20 _ 16 8
0 _ 11 15
27 _ 19 12
9 _ 7 11
11 _ 5 14
2 _ 1953 15
23 _ 17 253
25 _ 4 3
36 _ 12 20
19 _ 9 13
26 _ 19 21
26 _ 18 652
31 _ 6 2
20 _ 3 14
3 _ 4 8
29 _ 7 12
7 _ 24 18
3 _ 19 4
37 _ 16 18
17 _ 16 24
30 _ 5 19
17 _ 8 19
20 _ 20 20
7 _ 9 10
11 _ 6 7
18 _ 22 21
7 _ 23 20
22 _ 16 14
2 _ 2 6
2 _ 17 3
3 _ 14 0
33 _ 19 2830
21 _ 3102 6
28 _ 2 13
32 _ 0 11
5 _ 16 21
34 _ 18 5
5 _ 16 8
9 _ 20 14
33 _ 24 0
33 _ 17 7
2 _ 6 11
37 _ 2 2289
29 _ 19 16
6 _ 16 16
24 _ 16 4
2 _ 6 3888
25 _ 15 10
16 _ 9 6
6 _ 8 20
33 _ 2 21
4 _ 23 9
17 _ 0 11
33 _ 13 3798
31 _ 2 23
27 _ 3 14
23 _ 14 14
22 _ 5 21
13 _ 5 24
17 _ 16 10
33 _ 9 5
30 _ 2843 11
9 _ 10 11
6 _ 12 2
1 _ 4 4541
28 _ 16 23
22 _ 4 19
6 _ 5 15
0 _ 13 20
6 _ 9 7
20 _ 18 16
37 _ 9 1
22 _ 15 22
22 _ 5 5
31 _ 10 18
11 _ 16 21
37 _ 19 21
15 _ 16 18
7 _ 21 4
29 _ 7 8
9 _ 9 13
4 _ 6 4
23 _ 15 3262
10 _ 8 12
20 _ 2 20
2 _ 0 15
32 _ 9 20
32 _ 0 18
16 _ 4 2225
35 _ 4 5
12 _ 10 15
33 _ 1681 5
34 _ 23 14
35 _ 23 17
13 _ 24 7
3 _ 2 0
17 _ 14 3
16 _ 2 12
25 _ 24 23
24 _ 12 2027
36 _ 19 1748
25 _ 12 18
33 _ 11 18
7 _ 2 16
12 _ 9 14
36 _ 16 4
32 _ 13 1
2 _ 5 24
8 _ 11 7
29 _ 12 3
16 _ 7 1639
21 _ 20 19
11 _ 8 18
5 _ 18 8
13 _ 9 17
25 _ 3919 2
14 _ 18 19
35 _ 11 10
12 _ 11 14
22 _ 0 0
2 _ 3 24
31 _ 19 17
11 _ 15 4
31 _ 20 18
22 _ 19 7
11 _ 18 3355
15 _ 22 22
14 _ 14 13
30 _ 23 2277
10 _ 7 22
18 _ 5 10
24 _ 1 17
24 _ 12 17
20 _ 3783 17
3 _ 4 10
21 _ 20 267
3 _ 21 22
25 _ 21 5
4 _ 9 7
8 _ 24 4188
21 _ 3 13
2 _ 11 24
28 _ 1 0
31 _ 0 6
29 _ 13 17
2 _ 19 8
36 _ 16 22
15 _ 19 2
22 _ 1 23
24 _ 20 6
14 _ 8 1
1 _ 11 1
0 _ 2 1
18 _ 20 1
4 _ 11 15
26 _ 19 1
19 _ 17 7
29 _ 6 12
5 _ 13 21
15 _ 20 21
37 _ 19 2
25 _ 15 20
0 _ 14 18
30 _ 24 18
3 _ 8 6
28 _ 9 0
33 _ 7 22
5 _ 4 21
33 _ 10 10
3 _ 3 7
31 _ 5 24
37 _ 16 9
21 _ 10 5
2 _ 9 15
15 _ 10 7
25 _ 2 15
24 _ 3444 21
17 _ 22 17
3 _ 21 22
24 _ 22 20
5 _ 5 2957
7 _ 18 5
24 _ 10 4
8 _ 4154 21
22 _ 0 3
15 _ 18 11
18 _ 14 20
22 _ 4204 17
30 _ 3 18
24 _ 22 19
32 _ 23 12
26 _ 4 17
21 _ 16 17
15 _ 13 23
11 _ 523 8
18 _ 1 2
4 _ 24 10
24 _ 6 2
15 _ 2912 19
0 _ 9 5
25 _ 2 20
7 _ 1 1
29 _ 2274 8
35 _ 23 7
31 _ 0 4410
32 _ 0 8
23 _ 15 17
2 _ 6 3
37 _ 21 17
9 _ 8 1
6 _ 14 20
26 _ 12 23
3 _ 21 5
21 _ 10 0
29 _ 23 9
33 _ 15 10
30 _ 0 5
19 _ 6 0
1 _ 4 7
30 _ 17 2
3 _ 19 0
13 _ 1 17
16 _ 0 13
35 _ 5 22
27 _ 17 3134
6 _ 0 20
19 _ 14 0
3 _ 22 8
30 _ 3 2
33 _ 1 18
19 _ 1 19
3 _ 6 2109
7 _ 16 3
18 _ 14 20
37 _ 24 4
32 _ 1 3978
24 _ 22 10
32 _ 16 6
5 _ 3 11
25 _ 11 3
27 _ 9 17
11 _ 0 13
35 _ 11 8
16 _ 16 18
22 _ 4 10
19 _ 6 18
37 _ 15 2
32 _ 8 20
8 _ 10 7
27 _ 21 21
28 _ 23 2391
27 _ 6 17
10 _ 13 10
34 _ 20 22
1 _ 22 3
29 _ 10 2
6 _ 7 22
18 _ 12 11
14 _ 9 0
19 _ 22 1
13 _ 22 9
26 _ 4 4488
6 _ 9 1
11 _ 17 7
31 _ 2 19
7 _ 16 7
18 _ 24 9
26 _ 10 15
13 _ 14 1
35 _ 15 19
36 _ 12 22
17 _ 8 11
3 _ 21 5
7 _ 15 9
4 _ 4 2
16 _ 20 7
4 _ 11 5
37 _ 8 0
28 _ 13 16
8 _ 23 3
17 _ 5 1
11 _ 23 3
15 _ 3667 23
24 _ 16 18
10 _ 24 3
11 _ 9 12
7 _ 3948 8
36 _ 4 5
3 _ 9 13
35 _ 20 2666
2 _ 1 10
18 _ 17 4
6 _ 23 20
26 _ 19 10
25 _ 24 13
11 _ 3 3
10 _ 15 22
33 _ 8 6
19 _ 11 0
7 _ 7 0
26 _ 5 10
31 _ 5 3
19 _ 20 5
2 _ 18 5
36 _ 6 12
20 _ 0 22
10 _ 17 11
11 _ 7 0
23 _ 18 21
13 _ 13 20
6 _ 5 8
5 _ 5 9
11 _ 20 16
19 _ 14 7
3 _ 13 1
27 _ 2 23
37 _ 17 6
7 _ 23 12
23 _ 10 23
9 _ 8 14
30 _ 24 10
5 _ 8 0
29 _ 1 24
17 _ 17 11
25 _ 8 2
37 _ 15 22
32 _ 7 5
33 _ 14 5
13 _ 5 4
2 _ 4 18
29 _ 15 13
2 _ 3 17
10 _ 23 1237
4 _ 5 2
26 _ 1 18
13 _ 22 4
33 _ 20 7
18 _ 19 19
27 _ 22 18
25 _ 17 23
4 _ 18 8
19 _ 7 18
16 _ 20 15
26 _ 18 7
10 _ 10 24
13 _ 2 21
32 _ 1038 16
32 _ 10 4
30 _ 24 8
26 _ 11 23
7 _ 11 1
13 _ 1 19
4 _ 23 9
36 _ 10 13
25 _ 16 19
25 _ 18 13
15 _ 7 17
35 _ 12 0
32 _ 7 21
21 _ 19 4
19 _ 23 5
3 _ 10 12
35 _ 20 1742
37 _ 5 10
35 _ 8 10
23 _ 8 14
29 _ 21 3
6 _ 11 2
30 _ 7 2
2 _ 17 9
33 _ 21 8
19 _ 21 10
20 _ 18 1
24 _ 6 9
35 _ 1 7
8 _ 7 6
5 _ 4 15
30 _ 0 0
14 _ 1 22
12 _ 21 22
36 _ 2 1462
8 _ 513 8
11 _ 11 4
32 _ 18 9
28 _ 5 11
30 _ 11 7
4 _ 23 21
16 _ 19 23
14 _ 22 10
9 _ 5 18
8 _ 5 18
12 _ 18 10
15 _ 1 20
7 _ 13 6
30 _ 21 3279
15 _ 573 16
11 _ 8 2
16 _ 5 19
30 _ 18 0
34 _ 3 2969
32 _ 5 8
10 _ 8 24
20 _ 10 17
9 _ 12 17
14 _ 1 5
34 _ 20 23
8 _ 11 21
35 _ 0 9
14 _ 5 24
27 _ 4 0
18 _ 11 7
31 _ 11 18
2 _ 10 7
4 _ 23 11
20 _ 23 4145
26 _ 12 20
29 _ 11 19
24 _ 19 16
22 _ 17 3519
11 _ 23 16
31 _ 18 21
17 _ 5 9
0 _ 13 1
23 _ 20 13
24 _ 2514 1
17 _ 0 14
8 _ 15 18
11 _ 2 24
26 _ 13 16
10 _ 5 21
6 _ 4090 17
18 _ 9 20
25 _ 15 3
31 _ 4 21
27 _ 1 20
16 _ 1401 18
3 _ 3 22
14 _ 19 21
13 _ 3907 6
15 _ 14 0
31 _ 14 0
24 _ 24 1
35 _ 15 10
33 _ 6 24
23 _ 22 0
9 _ 21 22
24 _ 0 7
27 _ 9 23
4 _ 3 8
4 _ 23 24
37 _ 21 5
29 _ 18 13
0 _ 6 5
7 _ 17 2
36 _ 19 12
15 _ 21 11
10 _ 18 2
32 _ 7 13
27 _ 7 7
9 _ 14 6
4 _ 10 20
11 _ 7 11
35 _ 7 7
3 _ 19 5
15 _ 3949 0
17 _ 17 7
31 _ 11 9
32 _ 9 11
2 _ 19 1
34 _ 2 6
24 _ 12 15
37 _ 2 16
15 _ 23 2
24 _ 22 16
33 _ 13 3
5 _ 9 11
29 _ 5 18
33 _ 8 9
12 _ 17 19
33 _ 16 1
3 _ 7 5
6 _ 21 23
9 _ 23 10
0 _ 10 7
16 _ 18 4
4 _ 9 3
30 _ 19 7
32 _ 6 1329
1 _ 18 5
24 _ 21 18
12 _ 21 9
33 _ 5 0
37 _ 18 5
14 _ 22 7
1 _ 1 13
18 _ 11 24
35 _ 15 15
13 _ 21 3
0 _ 12 4073
24 _ 16 21
19 _ 3338 5
18 _ 19 17
31 _ 17 11
6 _ 11 2
35 _ 9 2
25 _ 19 3
6 _ 20 9
27 _ 3 19
33 _ 17 17
20 _ 15 9
6 _ 1 13
37 _ 15 19
34 _ 18 18
30 _ 2 8
32 _ 8 19
0 _ 1 17
11 _ 20 16
1 _ 20 7
31 _ 7 8
12 _ 11 1
11 _ 22 11
7 _ 16 13
33 _ 6 8
0 _ 16 19
5 _ 1 11
34 _ 15 24
16 _ 13 7
2 _ 13 4270
15 _ 15 10
7 _ 15 11
37 _ 1 5
18 _ 16 1
12 _ 5 0
1 _ 15 15
26 _ 1 7
23 _ 17 6
35 _ 10 9
27 _ 7 4
21 _ 20 1
23 _ 14 24
21 _ 23 10
22 _ 20 9
19 _ 13 3
24 _ 15 0
4 _ 11 11
18 _ 3 24
14 _ 16 9
19 _ 11 17
8 _ 8 19
30 _ 13 4
8 _ 5 8
17 _ 17 7
29 _ 2 19
20 _ 1 18
19 _ 20 2
24 _ 7 4
14 _ 9 16
30 _ 1 5
17 _ 1 19
27 _ 16 10
34 _ 0 23
2 _ 23 17
7 _ 15 24
27 _ 3 16
36 _ 14 14
10 _ 16 3935
24 _ 11 6
18 _ 10 4948
0 _ 13 18
13 _ 24 2
37 _ 18 10
22 _ 5 7
30 _ 0 2
14 _ 20 20
27 _ 8 4
21 _ 22 16
3 _ 23 1
24 _ 15 14
17 _ 19 21
4 _ 14 17
11 _ 10 10
29 _ 6 13
17 _ 17 20
7 _ 1 3
21 _ 10 9
33 _ 12 0
30 _ 12 8
7 _ 10 16
9 _ 18 4165
17 _ 22 22
30 _ 15 4
6 _ 13 15
30 _ 10 1
29 _ 18 13
2 _ 23 14
26 _ 21 13
14 _ 22 2
7 _ 16 18
2 _ 18 24
33 _ 3 8
30 _ 20 4
2 _ 23 3
28 _ 18 13
36 _ 11 9
14 _ 7 1
0 _ 22 0
17 _ 0 18
24 _ 3 5
20 _ 12 3747
15 _ 2 17
9 _ 10 7
26 _ 15 12
7 _ 0 21
37 _ 13 8
5 _ 11 2
22 _ 9 20
17 _ 2067 16
18 _ 20 9
32 _ 8 11
1 _ 13 6
28 _ 10 1
22 _ 4 4
12 _ 16 6
17 _ 12 19
4 _ 18 10
2 _ 16 18
13 _ 24 20
20 _ 19 18
29 _ 24 15
11 _ 14 4
20 _ 19 24
36 _ 4 7
3 _ 8 16
29 _ 14 20
27 _ 3103 22
7 _ 10 6
37 _ 0 0
34 _ 20 14
20 _ 1 15
30 _ 13 15
17 _ 2 3
22 _ 17 1823
34 _ 6 22
27 _ 7 19
0 _ 17 15
27 _ 1609 21
26 _ 14 1
24 _ 15 20
28 _ 4 12
26 _ 17 9
35 _ 23 16
26 _ 15 0
23 _ 1 4
26 _ 4 11
12 _ 22 14
2 _ 7 0
18 _ 12 24
27 _ 21 17
7 _ 14 19
15 _ 13 11
22 _ 14 9
1 _ 12 1
30 _ 0 22
9 _ 19 17
12 _ 15 4
20 _ 13 1
30 _ 3 22
34 _ 2866 15
31 _ 3734 20
24 _ 9 13
33 _ 3 17
6 _ 16 2832
27 _ 22 21
15 _ 23 4676
11 _ 14 13
21 _ 5 13
29 _ 14 11
30 _ 10 24
35 _ 4742 11
16 _ 1 24
34 _ 8 17
8 _ 5 9
8 _ 5 12
35 _ 22 15
34 _ 15 3
12 _ 23 8
37 _ 2 0
0 _ 16 9
7 _ 24 5244
29 _ 3 1
35 _ 15 5
27 _ 4 10
16 _ 3 14
21 _ 18 3
8 _ 24 23
25 _ 0 24
21 _ 4083 12
26 _ 24 21
22 _ 13 877
31 _ 11 13
23 _ 869 5
22 _ 14 20
8 _ 2 9
9 _ 24 3
4 _ 10 19
8 _ 7 20
6 _ 20 18
1 _ 3 19
18 _ 1829 21
37 _ 4 4
31 _ 3 14
20 _ 21 17
30 _ 18 21
20 _ 6 10
3 _ 0 22
25 _ 15 11
14 _ 0 19
14 _ 5 13
32 _ 10 23
6 _ 19 1
35 _ 3 4
37 _ 6 0
13 _ 12 1189
14 _ 7 12
24 _ 3830 18
7 _ 21 14
10 _ 6 16
9 _ 10 0
33 _ 8 9
7 _ 3 14
34 _ 0 7
17 _ 9 21
25 _ 4 22
20 _ 3 24
5 _ 13 11
29 _ 4 15
22 _ 4 15
13 _ 4509 6
8 _ 4 2
7 _ 15 5
24 _ 19 14
23 _ 15 8
4 _ 15 0
14 _ 11 16
29 _ 515 9
29 _ 7 24
2 _ 12 7
4 _ 12 18
2 _ 15 24
21 _ 10 2
32 _ 18 17
7 _ 18 20
35 _ 4 19
17 _ 3 17
19 _ 17 18
7 _ 3 14
27 _ 15 22
30 _ 8 15
23 _ 0 5
20 _ 2 9
34 _ 1777 16
31 _ 18 0
35 _ 12 5
13 _ 18 14
35 _ 6 24
34 _ 9 3
1 _ 20 8
1 _ 7 21
24 _ 3 18
16 _ 4 9
37 _ 21 3
5 _ 4 0
9 _ 11 16
21 _ 5 16
32 _ 7 1
0 _ 2226 2
14 _ 23 23
19 _ 13 20
30 _ 15 0
5 _ 14 3
23 _ 4 14
31 _ 16 2
25 _ 11 10
20 _ 11 24
9 _ 19 4
13 _ 20 6
31 _ 24 7
29 _ 15 12
14 _ 21 13
26 _ 20 17
27 _ 22 21
12 _ 2 23
14 _ 10 7
34 _ 1 1
35 _ 6 2
33 _ 14 4
16 _ 13 4
4 _ 18 14
26 _ 19 18
22 _ 19 13
32 _ 7 21
16 _ 13 24
7 _ 14 8
2 _ 3763 7
1 _ 9 5
17 _ 11 1
28 _ 5 4
27 _ 12 3
21 _ 12 23
5 _ 22 11
24 _ 23 1156
37 _ 12 16
37 _ 3 8
34 _ 18 21
20 _ 2 12
34 _ 16 20
32 _ 14 10
17 _ 6 21
5 _ 2 15
28 _ 0 8
11 _ 7 23
35 _ 13 13
35 _ 1 11
32 _ 9 7
23 _ 2516 7
17 _ 24 3070
2 _ 23 21
34 _ 6 14
15 _ 8 18
6 _ 23 5
4 _ 6 9
32 _ 9 9
2 _ 15 2
17 _ 24 2
7 _ 10 17
31 _ 24 11
12 _ 13 11
8 _ 8 4
37 _ 4 3
32 _ 24 5
23 _ 24 16
22 _ 23 6
7 _ 15 0
25 _ 13 4
22 _ 6 13
22 _ 18 9
26 _ 15 20
20 _ 4175 11
13 _ 6 17
35 _ 18 18
35 _ 3 20
34 _ 0 24
21 _ 0 17
4 _ 1 1
12 _ 12 19
31 _ 0 22
17 _ 14 8
26 _ 1 22
29 _ 1 23
11 _ 13 14
35 _ 23 2
14 _ 6 14
23 _ 14 20
17 _ 4941 13
19 _ 22 7
11 _ 5 22
29 _ 0 1
27 _ 6 1
35 _ 22 17
1 _ 4 7
0 _ 3704 8
7 _ 22 0
28 _ 11 2
8 _ 15 10
15 _ 7 12
31 _ 7 20
36 _ 23 11
4 _ 17 17
0 _ 15 12
37 _ 3 5
34 _ 6 2023
37 _ 9 15
28 _ 0 22
1 _ 22 17
19 _ 4 16
15 _ 8 11
27 _ 15 12
16 _ 22 8
35 _ 1 22
10 _ 3 9
30 _ 15 6
15 _ 15 22
35 _ 1 3
23 _ 10 17
16 _ 21 23
29 _ 21 0
17 _ 3 5
23 _ 21 4430
34 _ 5 22
17 _ 3 2
17 _ 22 13
26 _ 12 12
34 _ 13 2
15 _ 24 15
26 _ 6 16
23 _ 5 12
4 _ 22 19
26 _ 24 18
30 _ 23 2
16 _ 14 13
34 _ 9 2275
19 _ 16 22
13 _ 15 23
4 _ 10 18
32 _ 10 4
27 _ 6 24
37 _ 24 4
14 _ 16 24
8 _ 3 16
33 _ 17 7
15 _ 14 9
10 _ 6 16
21 _ 22 22
9 _ 17 24
19 _ 3803 2
33 _ 18 0
6 _ 1011 10
11 _ 2 12
6 _ 16 16
8 _ 14 19
3 _ 15 21
35 _ 5 20
5 _ 1 8
22 _ 12 19
26 _ 21 13
11 _ 5 17
13 _ 4 13
26 _ 7 6
9 _ 19 16
10 _ 13 13
30 _ 16 5
22 _ 9 720
2 _ 21 16
34 _ 5 18
0 _ 15 4
24 _ 18 16
33 _ 17 172
18 _ 15 13
19 _ 0 14
11 _ 12 0
23 _ 3351 12
36 _ 2 1
19 _ 10 18
8 _ 1027 14
12 _ 16 5
12 _ 4403 15
4 _ 4 7
35 _ 21 7
17 _ 23 11
3 _ 10 9
2 _ 16 1
2 _ 3085 8
22 _ 3 17
35 _ 7 509
0 _ 22 8
17 _ 12 3990
36 _ 4 19
35 _ 18 6
12 _ 13 22
13 _ 1 19
9 _ 4 4
30 _ 20 23
21 _ 13 1
9 _ 14 24
19 _ 8 24
28 _ 18 12
26 _ 4 1
16 _ 23 11
21 _ 8 1
29 _ 24 10
5 _ 23 3619
5 _ 15 6
1 _ 24 14
7 _ 21 11
8 _ 11 23
7 _ 13 14
16 _ 11 2
10 _ 19 1
8 _ 12 20
17 _ 18 13
10 _ 7 1
35 _ 16 5
2 _ 4 14
24 _ 14 3
3 _ 17 1784
14 _ 11 17
29 _ 22 23
0 _ 19 2
10 _ 19 0
19 _ 21 20
33 _ 16 10
13 _ 17 13
34 _ 5 3
34 _ 5550 3541
10 _ 14 4
11 _ 11 18
9 _ 15 17
33 _ 5 13
33 _ 19 1
34 _ 18 1
33 _ 18 19
26 _ 15 11
37 _ 11 21
13 _ 1 2
34 _ 3 20
31 _ 16 1
13 _ 21 15
2 _ 343 4
36 _ 23 18
10 _ 15 24
36 _ 23 13
18 _ 5257 22
15 _ 10 9
12 _ 18 21
6 _ 15 18
21 _ 4 2881
5 _ 4 19
0 _ 1497 1
16 _ 10 18
13 _ 10 1001
37 _ 13 11
26 _ 3 22
37 _ 9 1
7 _ 19 5627
16 _ 22 3
16 _ 10 15
18 _ 2 4
22 _ 2586 4
34 _ 14 21
31 _ 6 8
27 _ 12 11
9 _ 14 4
31 _ 14 21
5 _ 18 6
20 _ 13 10
11 _ 14 20
34 _ 4 1570
33 _ 13 5
3 _ 3 11
11 _ 12 2
24 _ 10 17
33 _ 16 10
2 _ 8 4
31 _ 13 4
15 _ 6 15
35 _ 22 7
7 _ 0 5
31 _ 18 10
32 _ 22 11
2 _ 2412 15
36 _ 10 15
18 _ 8 23
4 _ 1 4
30 _ 20 16
25 _ 5 14
2 _ 19 16
25 _ 11 23
4 _ 21 3
9 _ 5 19
18 _ 15 4
10 _ 24 2
28 _ 12 4
27 _ 16 12
4 _ 5 4
30 _ 19 10
14 _ 3 24
22 _ 12 24
26 _ 4 21
19 _ 11 15
28 _ 7 16
19 _ 3 22
12 _ 3 24
19 _ 12 18
33 _ 19 5
10 _ 10 8
1 _ 22 4887
9 _ 13 6
24 _ 12 18
36 _ 23 16
3 _ 13 2
18 _ 0 8
2 _ 10 21
11 _ 18 1
11 _ 5 13
25 _ 18 22
9 _ 4 17
4 _ 5 1
23 _ 15 22
36 _ 1 5537
11 _ 13 6
36 _ 1 2
5 _ 15 18
13 _ 0 19
20 _ 14 10
12 _ 13 10
34 _ 10 11
19 _ 22 9
12 _ 24 447
17 _ 3 2
16 _ 1 13
11 _ 2 4144
14 _ 8 3
29 _ 19 3284
25 _ 14 18
23 _ 6 14
35 _ 10 8
6 _ 11 20
14 _ 15 17
29 _ 6 2
36 _ 19 11
36 _ 15 23
13 _ 10 2
37 _ 14 5
24 _ 24 24
22 _ 3 5
12 _ 24 3021
36 _ 24 21
12 _ 24 21
12 _ 20 7
2 _ 2 12
2 _ 8 18
8 _ 8 4
4 _ 22 21
2 _ 21 24
26 _ 7 6
23 _ 2 1
1 _ 13 15
27 _ 23 20
31 _ 24 3
14 _ 15 10
8 _ 9 5
23 _ 2 13
29 _ 19 5
0 _ 1 0
3 _ 19 1
6 _ 7 19
31 _ 4 19
29 _ 11 7
25 _ 22 6
34 _ 20 6
11 _ 5163 12
0 _ 13 16
37 _ 6 12
37 _ 18 5
31 _ 20 3
30 _ 1 20
28 _ 2 15
15 _ 13 21
33 _ 2049 2
2 _ 3 11
36 _ 92 16
13 _ 10 5
4 _ 8 20
15 _ 2 18
11 _ 9 20
10 _ 4545 22
7 _ 0 6
33 _ 2 10
24 _ 23 22
36 _ 18 13
24 _ 22 1
9 _ 8 2795
22 _ 10 12
36 _ 6 9
12 _ 21 17
35 _ 3 11
11 _ 21 11
14 _ 9 9
27 _ 19 12
6 _ 6 2875
0 _ 4897 23
20 _ 8 4
12 _ 7 12
15 _ 19 5
13 _ 16 14
20 _ 2 19
28 _ 8 13
33 _ 7 2
3 _ 12 14
8 _ 7 4
5 _ 7 22
15 _ 4 19
34 _ 4 21
9 _ 6 5
4 _ 3 4
22 _ 9 14
10 _ 18 24
3 _ 4 5
0 _ 3 15
13 _ 2 12
29 _ 20 5
22 _ 11 13
12 _ 21 0
25 _ 3 21
22 _ 3 14
37 _ 16 5
3 _ 6 3
37 _ 19 20
30 _ 6 18
3 _ 22 17
10 _ 13 21
2 _ 24 13
6 _ 0 14
23 _ 11 16
17 _ 7 20
11 _ 24 7
12 _ 6 15
25 _ 18 13
25 _ 23 12
31 _ 11 16
36 _ 11 18
0 _ 22 14
30 _ 14 3
0 _ 18 0
35 _ 15 5
19 _ 4361 5
7 _ 17 9
14 _ 13 3
19 _ 16 3
9 _ 14 1
30 _ 0 13
30 _ 5 8
23 _ 6 9
18 _ 4 5
23 _ 6 20
35 _ 16 5
20 _ 9 18
10 _ 16 10
9 _ 21 14
3 _ 2 15
30 _ 23 7
18 _ 13 4
1 _ 8 21
25 _ 3 23
35 _ 22 12
20 _ 14 23
34 _ 14 2
30 _ 12 16
37 _ 16 10
22 _ 16 13
7 _ 22 13
21 _ 19 22
36 _ 24 0
23 _ 22 1
22 _ 20 16
32 _ 19 22
24 _ 18 1
28 _ 2 3725
2 _ 10 18
28 _ 14 20
17 _ 4570 5303
2 _ 14 23
23 _ 12 6
5 _ 0 22
7 _ 23 15
3 _ 0 1
13 _ 8 0
22 _ 18 23
24 _ 17 5
23 _ 16 19
3 _ 9 16
22 _ 1 9
22 _ 8 20
17 _ 3 16
3 _ 3 10
1 _ 4894 9
37 _ 0 17
35 _ 7 10
24 _ 1 13
16 _ 3 4
33 _ 20 7
24 _ 6 12
37 _ 7 17
17 _ 11 0
1 _ 24 464
11 _ 7 7
23 _ 17 21
32 _ 7 19
14 _ 16 1
9 _ 1208 16
13 _ 9 6
29 _ 13 24
25 _ 16 11
25 _ 22 17
27 _ 8 19
11 _ 18 17
22 _ 19 24
15 _ 4275 1653
17 _ 0 22
25 _ 9 11
6 _ 20 16
2 _ 12 17
19 _ 7 16
17 _ 21 15
36 _ 10 0
33 _ 6 23
37 _ 9 24
24 _ 4 0
16 _ 0 6
2 _ 16 20
16 _ 15 20
29 _ 14 20
11 _ 22 17
27 _ 17 1
4 _ 14 24
8 _ 14 5
19 _ 12 9
26 _ 5 21
18 _ 14 10
5 _ 1 7
0 _ 20 22
33 _ 13 13
34 _ 22 19
29 _ 4 19
37 _ 18 24
8 _ 16 15
6 _ 8 16
35 _ 2 16
12 _ 12 2
30 _ 6 1
11 _ 3623 24
35 _ 2 993
8 _ 5 0
6 _ 12 9
28 _ 4 23
20 _ 5 15
29 _ 21 21
5 _ 24 24
36 _ 20 6
20 _ 16 5
27 _ 14 0
6 _ 10 12
30 _ 2 0
14 _ 3 13
30 _ 24 22
8 _ 20 24
33 _ 9 17
17 _ 5 14
14 _ 22 1400
0 _ 22 7
28 _ 19 2
22 _ 7 4
35 _ 21 14
7 _ 11 21
35 _ 5 14
9 _ 8 15
33 _ 13 4
23 _ 16 8
16 _ 24 23
16 _ 0 22
28 _ 22 4
18 _ 12 5388
1 _ 1 3
37 _ 11 2
35 _ 16 6
33 _ 6 7
10 _ 14 8
1 _ 8 18
35 _ 7 21
19 _ 2 8
14 _ 16 24
1 _ 0 18
14 _ 17 18
20 _ 6 14
4 _ 22 5
10 _ 24 3
34 _ 0 6
27 _ 6 3
28 _ 22 0
37 _ 23 2
5 _ 15 8
31 _ 14 23
19 _ 5 0
22 _ 3 19
9 _ 2 1
29 _ 13 23
37 _ 13 20
25 _ 14 5
19 _ 3453 17
10 _ 9 1
28 _ 0 15
13 _ 20 18
8 _ 4 4
1 _ 6 10
23 _ 24 3
31 _ 8 9
37 _ 11 23
29 _ 2 17
17 _ 5 10
13 _ 16 2
35 _ 24 13
12 _ 4 20
20 _ 1 24
27 _ 21 24
13 _ 5 18
21 _ 3 19
15 _ 9 2
22 _ 13 16
13 _ 21 4
28 _ 20 20
28 _ 21 23
35 _ 6 23
14 _ 3 21
36 _ 17 12
35 _ 3 20
9 _ 16 18
9 _ 22 16
13 _ 2 5
0 _ 18 6
19 _ 23 1
7 _ 18 4
36 _ 22 1
6 _ 21 15
21 _ 8 18
0 _ 12 9
4 _ 23 20
1 _ 10 11
13 _ 13 11
5 _ 1 19
32 _ 11 18
7 _ 17 2
15 _ 3 7
8 _ 18 6
7 _ 10 2
13 _ 0 10
26 _ 15 13
6 _ 11 9
10 _ 4 15
26 _ 15 5025
29 _ 17 1408
2 _ 17 2221
6 _ 7 24
25 _ 1 3
26 _ 13 3
30 _ 1 16
12 _ 20 19
35 _ 20 7
5 _ 6 16
5 _ 10 13
36 _ 6 5
7 _ 19 1581
9 _ 21 8
36 _ 3 9
5 _ 2 18
12 _ 4 7
13 _ 11 12
18 _ 22 2
3 _ 0 3856
13 _ 4 21
29 _ 14 6
37 _ 9 9
23 _ 12 9
2 _ 24 7
31 _ 9 24
20 _ 17 2
20 _ 9 22
3 _ 13 9
14 _ 0 16
7 _ 15 20
20 _ 15 14
16 _ 22 16
6 _ 15 4
35 _ 0 9
19 _ 8 22
28 _ 3 20
6 _ 23 14
29 _ 20 4583
5 _ 21 4
18 _ 1 18
15 _ 5512 21
35 _ 14 5
26 _ 10 6
1 _ 6 1
29 _ 2 10
13 _ 2791 20
37 _ 22 1
6 _ 10 20
5 _ 1 18
9 _ 12 4015
35 _ 21 2
2 _ 18 7
37 _ 16 12
25 _ 3 12
22 _ 1 1
25 _ 15 16
1 _ 0 13
18 _ 24 19
34 _ 11 24
34 _ 16 5
24 _ 11 3
12 _ 24 13
24 _ 17 14
29 _ 7 23
21 _ 17 24
28 _ 24 5
37 _ 0 7
2 _ 18 17
22 _ 3634 7
3 _ 5 1533
9 _ 16 24
3 _ 7 12
24 _ 11 2414
15 _ 18 6
23 _ 10 16
26 _ 1 10
16 _ 1 14
15 _ 4 5
22 _ 20 6
7 _ 3 15
35 _ 8 23
1 _ 16 10
29 _ 16 9
8 _ 13 9
27 _ 24 10
0 _ 11 9
19 _ 5 9
35 _ 5 22
27 _ 11 10
1 _ 7 15
2 _ 10 15
14 _ 12 7
27 _ 15 2
24 _ 6 5
10 _ 17 9
9 _ 5129 14
14 _ 18 20
1 _ 5 9
22 _ 20 1
9 _ 4 18
10 _ 17 21
24 _ 23 19
25 _ 18 17
34 _ 21 4
33 _ 11 7
18 _ 16 2
5 _ 4 2
28 _ 14 21
30 _ 24 21
14 _ 4 17
24 _ 13 10
29 _ 5506 17
31 _ 1 20
10 _ 20 1
30 _ 18 15
17 _ 15 9
32 _ 7 2
22 _ 0 3
35 _ 9 21
37 _ 7 10
34 _ 12 3
10 _ 13 18
0 _ 9 448
20 _ 4 0
37 _ 7 23
16 _ 19 22
3 _ 6 20
25 _ 21 13
28 _ 16 3
16 _ 24 22
23 _ 16 1
4 _ 6 17
29 _ 17 19
32 _ 12 17
13 _ 4 16
3 _ 4 23
17 _ 24 1
7 _ 21 13
37 _ 22 19
14 _ 1073 22
29 _ 2 24
4 _ 11 2813
9 _ 6078 19
33 _ 4 5
36 _ 21 2
5 _ 16 22
25 _ 22 382
19 _ 4 6
15 _ 5 8
19 _ 4 19
23 _ 24 12
19 _ 9 4
5 _ 24 20
19 _ 0 11
19 _ 23 3
31 _ 14 20
20 _ 23 13
29 _ 13 1
12 _ 8 1
24 _ 15 17
21 _ 8 2
37 _ 15 24
36 _ 4285 12
10 _ 14 22
18 _ 5 21
27 _ 13 18
31 _ 1115 12
36 _ 21 22
17 _ 4 6
7 _ 23 0
19 _ 2 18
31 _ 22 5
1 _ 24 0
26 _ 22 5
29 _ 23 0
15 _ 8 19
36 _ 21 1
6 _ 7 0
17 _ 1023 17
6 _ 9 15
0 _ 6 14
35 _ 10 14
35 _ 19 22
33 _ 2985 14
30 _ 6 2707
2 _ 14 2
19 _ 8 4
25 _ 1 14
5 _ 13 15
37 _ 3 18
24 _ 1 8


-794 -372 433 537 7 -168 210 -812 
-683 944 -856 807 962 -969 735 -710 
-760 -926 -147 613 -829 623 142 975 
-119 168 -46 -683 -180 -184 127 -821 
329 410 -122 -31 -655 830 544 643 
-861 -258 407 42 -700 -711 991 838 
508 43 865 640 90 -232 398 -578 
213 726 224 -880 536 214 666 163 

996 -9 769 -13 331 788 547 726 
-354 908 355 -740 -905 -129 945 -806 
-897 975 -506 -760 -930 -782 911 -768 
233 -249 -957 406 -747 125 -106 583 
616 649 -738 -423 -569 815 -163 184 
719 411 226 300 662 15 -564 646 
33 -978 48 -179 -429 -899 395 723 
-698 859 -11 976 -816 657 -145 -74 

-37 -84 -899 13 -106 353 764 -214 
-119 -492 60 844 -374 219 25 538 
897 -255 721 186 -590 -473 378 864 
-926 944 -893 66 -645 -593 -480 -744 
-109 451 357 -743 948 969 -21 -363 
657 -720 -636 -386 -156 222 -907 -196 
269 855 853 -52 453 5 -451 243 
-570 833 -634 -307 -130 876 -269 -1000 

-916 708 767 633 -679 416 614 -88 
-194 -945 202 -260 200 -923 926 -109 
542 145 110 444 -363 -822 -296 368 
-731 -805 805 -987 -854 338 766 52 
-623 632 -914 -404 -644 -529 532 32 
-368 -33 -980 352 452 -792 805 -141 
-240 -842 300 -52 199 -581 -234 69 
117 588 -794 300 869 -668 -517 -740 

853 83 706 395 179 -327 -141 905 
326 -279 624 179 118 51 -432 617 
-769 58 609 313 376 -787 672 -804 
388 31 421 663 630 881 910 86 
-248 526 235 -643 298 -230 -195 -372 
-863 -326 842 -674 -963 161 535 923 
53 212 -467 -161 -117 -474 334 48 
227 -86 976 599 -883 542 -498 574 

159 736 179 -444 197 164 934 -198 
270 142 885 805 499 -405 -789 -607 
632 -715 -567 817 925 325 -525 841 
-826 286 662 827 859 -111 500 -63 
658 -180 525 -566 -516 479 116 418 
-63 113 148 697 -829 383 -305 -11 
-782 -557 -767 -130 589 -762 984 -914 
-753 -452 -129 -739 924 563 -793 -835 

454 106 688 277 -793 940 -684 -961 
-631 -206 359 -379 609 -398 865 -463 
52 -583 -420 979 -368 -684 -547 -498 
420 818 -383 -858 650 695 930 -830 
558 -400 -560 952 -753 790 116 898 
-254 -28 641 -403 -312 -142 -894 61 
284 -537 392 646 -149 130 -908 -502 
112 -95 -595 369 -274 -127 -579 -828 

342 773 -6 528 -362 541 -832 221 
-675 973 55 -104 284 37 990 -290 
780 -378 -377 913 -859 -829 514 268 
627 -972 -581 85 -519 -584 -404 -900 
541 470 -71 204 485 739 607 852 
-626 -889 854 -879 -167 -639 -566 305 
253 604 910 -317 616 -203 717 -821 
186 -208 -270 -104 -207 183 -923 369 

-210 -439 -330 754 55 584 -871 -712 
467 69 -517 696 473 -29 -14 266 
224 -639 -608 995 -1 718 660 -971 
660 226 678 -632 -571 -987 908 460 
-926 -369 -815 -978 276 -582 346 -791 
-980 -197 607 -213 859 123 779 -622 
-38 838 -34 427 -996 -775 702 -554 
-321 663 -266 -981 649 -304 -242 600 

-24 -771 807 533 -166 -753 -586 970 
932 907 -660 -248 196 585 827 121 
-210 -66 793 674 9 719 464 -315 
611 358 -3 813 382 208 249 -41 
-870 -910 554 428 429 729 -334 190 
21 -555 953 820 -729 624 -494 20 
415 791 -662 -89 956 -634 458 709 
730 -547 532 950 -30 -113 -670 430 

930 591 -10 52 184 940 -10 252 
-668 -520 698 418 -806 761 900 351 
-175 -572 -490 41 -333 933 -217 865 
810 923 -119 724 699 108 -452 -486 
205 828 554 937 -417 -404 -380 -815 
-705 -465 -652 -363 734 -318 649 341 
-139 -830 -530 127 -276 800 -10 -164 
-330 185 502 -1000 993 -418 375 -2 

-478 -718 67 150 355 -15 683 -787 
487 -267 846 -454 -861 690 -491 378 
-378 126 -870 685 -91 -305 971 -531 
-351 677 483 -219 382 672 188 525 
-653 392 431 679 -884 -82 355 -875 
58 -685 662 85 -761 118 -833 20 
-360 -566 796 629 846 753 702 -98 
604 384 810 -137 -238 889 761 38 

-393 -154 -597 -798 706 674 -474 675 
-512 -674 538 363 -228 555 623 -930 
918 -554 282 552 -513 153 -336 543 
645 499 592 683 -924 884 -719 -265 
122 518 911 52 436 -541 -775 883 
-330 506 -199 -251 184 175 410 194 
-922 322 -327 -923 192 810 -76 457 
-894 260 153 -869 967 -361 -429 286 

-937 694 -283 18 -91 -732 -120 -481 
826 -741 995 -893 973 354 157 -315 
-262 849 66 -774 -64 137 763 951 
-541 -875 144 -314 -364 -318 353 -253 
260 -826 164 825 554 -831 759 -339 
-198 -902 737 668 361 -755 621 -981 
-282 462 -674 -151 -118 -473 411 559 
248 34 -330 461 -363 -60 532 366 

227 360 -732 -278 841 426 774 829 
-852 -362 601 908 -841 540 -825 576 
-18 -711 -347 486 991 43 -74 -167 
-554 -103 993 -461 -121 -180 -504 456 
-555 -214 -17 289 446 613 -618 -127 
-660 568 -196 887 534 -715 461 656 
992 -15 -566 718 5 740 932 988 
77 -741 620 -20 -682 -973 66 793 

496 861 967 542 964 501 -108 409 
-904 -84 872 469 -569 -541 322 156 
299 -715 -406 -641 416 553 -35 -405 
-572 -623 -223 -105 784 793 -146 -521 
-481 -666 353 -196 -559 -398 -123 -227 
489 -242 898 322 -711 -111 -202 -858 
644 505 -369 -943 -45 -665 269 -828 
557 -942 -413 694 471 -462 848 -676 

827 484 216 769 163 -616 989 513 
881 516 180 238 -894 438 -609 -173 
790 -943 772 731 267 728 510 -810 
-179 -768 855 631 -846 497 -474 -779 
540 702 -670 612 503 -482 655 -45 
-273 134 -656 -609 -741 802 126 -41 
768 -38 146 -100 616 326 672 61 
313 -783 -220 -660 -543 344 -136 246 

-411 225 574 54 286 330 -501 -846 
-130 173 122 -479 -393 807 -218 -768 
-661 441 -648 177 -311 -60 -268 -311 
837 77 858 521 588 439 627 -399 
575 -887 -119 591 149 -432 -466 183 
259 -68 -165 -685 153 431 -957 -707 
202 12 -952 -850 644 974 691 -127 
792 768 -435 -257 -81 -364 726 -33 

561 205 162 -245 -411 606 45 -749 
-496 -999 -936 -232 -609 722 886 -536 
593 -876 -862 767 -550 123 195 -882 
-838 -270 -942 -508 -601 478 433 -457 
918 701 515 162 817 -359 -858 680 
-16 809 -547 -30 -746 -983 -765 -436 
524 523 -944 270 970 -68 844 -607 
-98 43 -98 -971 488 971 374 876 

-3 150 722 200 791 504 754 381 
-207 -701 96 -501 -583 46 -193 -387 
641 35 -133 -497 -242 24 -203 -557 
-998 -344 -413 -675 -100 -770 -309 -973 
-498 503 -390 -289 235 -601 -685 390 
-649 511 -102 659 -455 795 716 25 
-960 444 -747 -761 522 -765 871 147 
-472 945 -605 -674 -288 -128 -389 -955 

39 673 746 -380 370 -341 -564 905 
-819 586 -254 431 826 -316 -135 156 
-198 -798 301 576 591 336 -403 -324 
-250 332 -637 641 704 -97 -230 -628 
-17 -102 946 -239 207 -410 -340 761 
66 98 577 -787 -374 -579 303 693 
882 820 -996 -360 664 -384 -633 34 
981 646 985 176 -259 452 645 985 

599 -273 -584 196 -812 -869 490 -662 
-42 538 6 -387 -730 -164 524 246 
-59 313 -744 -411 -985 -427 -648 -521 
-546 -429 -158 500 226 948 -295 -215 
-427 937 -980 -586 -217 606 -119 244 
800 -724 713 139 -180 -462 -647 -494 
570 212 -7 534 -657 -981 -722 779 
451 66 324 -326 -228 671 -853 986 

-552 -793 -66 691 -23 568 -143 -900 
18 -773 -858 -522 -258 929 -57 -521 
-538 -358 473 -676 455 570 924 512 
211 624 -583 437 247 950 384 492 
-801 -16 -925 429 -645 -423 412 378 
-778 -472 -962 758 -937 964 -859 -801 
135 -696 -260 -650 329 221 110 480 
20 480 -367 29 184 62 235 899 

374 483 -831 -203 -515 -513 121 -639 
-712 -335 -209 -589 -711 42 -410 -364 
-917 -51 -368 -423 -606 958 -125 -795 
361 377 327 -955 298 -914 -528 -410 
-762 -653 -982 259 -745 -658 671 515 
925 36 -971 -927 700 556 -231 -978 
-285 -354 -102 95 -323 -698 -550 940 
-682 526 980 381 -577 212 -586 374 

-928 -500 464 -357 -136 -824 548 -633 
-150 -900 256 -198 913 -417 794 -597 
887 -86 934 517 -694 -638 -899 -790 
-775 -110 456 -410 962 248 -924 -537 
397 -563 942 865 -633 -921 -384 735 
-713 -730 4 -807 -618 -916 860 970 
966 88 -706 -365 201 512 -977 -698 
624 669 -839 -52 617 816 -579 -490 

390 -840 237 -689 -560 -87 -120 722 
-192 520 -840 955 782 -233 -228 950 
902 -30 -432 -309 732 157 555 592 
-184 913 258 597 -469 883 514 -592 
308 -85 -529 -800 142 869 -679 330 
833 128 -628 -774 865 -664 -120 -732 
-495 -765 122 613 357 -377 666 -979 
-844 313 968 552 -681 110 273 -285 

-937 -27 -395 741 -918 99 -190 796 
474 192 43 -341 -364 458 -806 330 
-44 -459 -391 259 958 -4 977 214 
-588 -118 -942 345 -407 82 421 986 
370 19 -409 92 163 238 446 796 
-167 497 -425 214 -952 -685 -253 451 
203 915 309 952 -547 -728 5 -675 
-912 -278 -675 440 999 -196 -68 -50 

72 -753 532 -503 424 377 465 -5 
-983 495 45 -652 594 -315 -54 667 
-541 280 -100 -172 243 -956 85 516 
-284 -534 23 920 541 -450 -234 -434 
-286 253 176 -964 -935 304 385 859 
-422 437 465 -379 -394 -566 121 -250 
628 536 -944 480 947 386 391 -845 
171 532 447 -260 -399 -993 -937 -517 

-614 638 740 277 -271 -900 -417 489 
-465 -573 -491 261 697 142 289 -318 
623 186 -615 -690 -338 -626 -807 -528 
655 -672 -589 -601 -882 -233 550 -56 
643 330 420 -181 43 -764 76 -326 
-125 -986 9 697 929 443 -254 589 
-136 -705 926 50 810 79 583 295 
-876 216 61 -456 -655 783 599 -600 

382 472 178 390 634 -878 -25 -150 
-475 -274 -263 456 -220 896 -933 -116 
171 -960 293 -566 619 461 -415 -297 
417 167 -28 -546 321 932 -147 -835 
105 97 359 557 452 -161 855 569 
-708 -226 117 315 448 -933 714 400 
891 -286 -77 -128 -541 926 597 633 
919 211 280 -932 947 238 396 -993 

298 -374 -991 781 -459 794 -488 -844 
-615 -512 -638 518 -638 337 266 319 
-293 566 793 259 -688 449 -931 -644 
405 -541 706 -268 719 590 454 577 
-635 973 669 645 832 -281 285 -850 
229 733 210 345 741 -349 471 598 
-311 -619 239 565 897 -485 992 -42 
-419 471 924 860 734 265 562 -701 

599 -927 -525 -755 -892 -890 345 -276 
-756 -595 -931 37 948 -855 -940 -962 
576 419 -464 -233 309 811 688 677 
25 -98 707 -760 838 -947 -24 -48 
-71 515 -395 -288 -791 641 523 -327 
-516 17 -895 -582 -996 143 -83 57 
272 80 480 -458 60 578 135 -375 
545 -532 -570 -632 594 -294 -49 389 

177 -615 -939 -831 151 679 -456 296 
565 -361 -493 -197 -993 -988 -837 -217 
-114 497 997 730 -360 -22 -52 -552 
641 -758 89 873 595 404 -848 424 
218 -383 571 359 -602 -985 -717 -433 
-813 -245 379 568 -571 303 -92 164 
-857 273 613 684 151 325 -722 -251 
-376 276 634 795 -354 998 767 555 

-42 74 -574 -24 235 -761 274 805 
-70 -573 -202 486 -698 -406 139 484 
803 893 425 587 -704 368 -831 -371 
-558 901 657 -349 993 524 -200 -721 
-308 -38 -815 -222 542 806 740 803 
621 -998 84 57 -175 -166 642 750 
827 -941 -862 379 283 347 -245 -958 
-765 849 12 215 549 364 415 -692 

-563 133 317 -668 96 -164 849 785 
-6 -594 -629 591 -185 -482 477 -601 
-845 494 -576 521 242 -749 -304 811 
-130 -94 146 80 735 546 404 -965 
-628 824 -910 523 -437 -371 331 758 
-953 170 -841 526 -478 -836 -825 -515 
685 896 -536 240 476 -947 619 -720 
706 169 -849 400 550 254 -871 -748 

859 -789 529 602 -396 -228 792 783 
-265 -344 -986 425 247 -8 -986 -462 
-371 -117 -530 -713 -897 -570 668 -719 
355 148 244 -595 -897 731 -899 -484 
-153 -824 -878 200 -913 294 773 385 
327 -788 -843 850 -586 -145 -468 518 
889 -115 -149 564 -718 -819 839 311 
41 330 -379 167 431 -283 142 -674 

-77 -607 896 155 110 563 -398 -601 
-565 -905 921 909 636 295 -816 -840 
247 -981 -486 122 269 868 254 -405 
-9 987 232 269 499 -342 -828 733 
-721 -457 -249 410 -437 -19 570 811 
420 -52 799 675 -541 533 863 -231 
-591 -411 -285 -984 977 89 661 221 
-779 826 355 -827 367 179 -953 -394 

-548 -230 833 977 684 494 -188 11 
-607 -688 362 -726 -936 645 4 923 
-923 307 -440 748 -706 933 -153 -306 
-518 -699 -486 -372 -687 -995 525 -69 
455 922 723 -873 -457 523 -824 -971 
-30 -828 410 -354 201 -943 160 112 
-753 -444 -862 888 447 -702 -331 -787 
-539 -364 -515 165 -228 -872 885 319 

552 247 -656 -700 -614 680 -381 393 
-680 -247 -507 803 -755 -822 149 -620 
696 87 994 -781 -703 593 -117 -989 
-473 -493 -517 -141 -521 -907 -750 -301 
-817 -148 -266 943 -185 706 219 133 
-24 -426 -737 269 -626 648 791 -31 
-576 563 -502 -108 987 112 -305 924 
-621 -847 750 51 -237 -481 -497 607 

-381 -155 487 -211 -932 509 658 -93 
841 -550 -345 -128 -393 938 33 424 
223 183 328 426 277 451 -254 911 
609 432 51 433 140 -766 790 568 
-793 -304 617 11 336 966 523 -31 
418 19 579 -570 -707 -882 -261 -920 
-75 637 -984 519 631 936 -101 135 
498 -858 179 621 719 109 -556 733 

-61 -279 -407 -390 -18 630 833 304 
520 -890 603 749 396 -462 -954 -97 
441 -582 546 -748 -506 557 -787 250 
873 -134 -208 454 -771 -826 -143 455 
481 -202 420 -267 174 125 -96 -152 
973 -555 -776 219 -539 135 -597 -726 
-3 -950 360 67 -956 -680 261 895 
-214 82 977 -132 531 5 -820 -75 

808 672 -780 944 971 -243 51 -602 
-103 -281 -775 681 889 781 -601 452 
-403 492 213 -226 917 -703 130 -354 
-216 137 61 291 757 -242 750 -991 
120 676 -577 20 -16 -203 944 396 
-735 505 607 450 73 924 57 309 
-139 -140 -769 633 634 -145 -41 712 
858 394 957 -515 -490 992 -630 684 

977 -467 306 -908 844 -303 251 -572 
-269 -276 65 475 717 14 650 798 
646 431 -848 -301 982 -564 -317 -196 
-215 -636 -52 -636 50 414 -174 13 
751 949 -741 -181 -342 907 -426 -109 
984 -617 289 483 274 -766 -576 -180 
813 -679 -50 -866 -753 -750 728 430 
-497 844 -713 778 653 718 -487 318 

-126 -811 755 114 560 313 901 -494 
-75 712 -346 -879 618 -265 -992 -751 
535 500 848 -765 234 -372 395 -130 
-727 336 -545 -805 799 -496 654 874 
-187 528 496 -39 -994 476 -680 592 
-577 22 881 -705 -543 272 185 -512 
-501 -167 -345 -363 270 -105 100 862 
154 -491 -241 -417 289 -829 582 183 

940 -348 -483 -4 -857 342 -477 245 
-962 310 -599 -120 763 -238 740 -477 
190 -564 -647 507 -561 -314 785 -459 
60 -166 -542 -490 -455 -26 -923 -760 
-553 175 -354 977 -752 -418 -649 -422 
-535 -16 -417 -405 763 210 390 -588 
848 -649 336 10 -318 -158 87 201 
-279 -311 -119 482 45 88 -178 -598 

242 281 -636 -191 49 263 -882 -287 
662 -365 99 -817 402 530 -113 379 
22 996 -824 302 -437 -662 40 726 
-530 -404 -134 755 560 -1 843 819 
-708 248 361 773 -805 -117 -681 -911 
203 427 504 429 -269 590 -115 -36 
862 -419 180 -220 162 104 -531 -562 
-640 -972 541 -705 479 -753 983 -597 

784 56 -435 574 -449 -888 69 -992 
-638 -370 122 -878 331 -413 -786 238 
590 -60 614 517 660 806 -149 -518 
244 242 -476 334 43 339 823 74 
69 -351 88 -215 316 340 638 -204 
-303 -723 317 48 -864 -877 584 -57 
764 -546 486 2 332 -703 69 133 
-251 984 -515 -82 -336 -966 -385 740 

625 397 -894 -921 -602 -57 725 -453 
-59 447 -946 823 -650 -877 -510 -72 
930 157 352 -847 -115 946 -274 -274 
147 119 -666 -402 -461 29 423 -811 
199 -848 -955 -139 -199 -659 836 -255 
-469 972 -713 466 -398 -781 202 -9 
-400 -16 343 1 -521 769 189 206 
24 327 461 103 -377 -397 482 -481 

758 -756 -564 352 712 313 175 652 
-347 -330 -224 -301 477 339 -294 -554 
-399 -239 739 266 -658 972 -591 -641 
-826 357 729 -839 -920 -891 365 -701 
582 -939 -476 348 -922 242 613 -196 
-305 -963 -421 501 -245 -688 804 -34 
-143 -213 956 213 465 291 -544 -800 
639 474 456 -105 588 -243 -392 893 

203 -49 -385 260 467 393 -630 477 
740 58 426 -294 -772 471 -543 270 
-727 -777 -703 -575 -952 -395 11 -805 
-732 -353 -136 550 -935 -545 -756 419 
466 -396 -485 -672 770 -955 442 -113 
704 -151 -995 612 -122 850 769 648 
-822 -699 365 -354 590 139 581 -540 
283 -662 478 -187 -323 -61 704 -495 

-630 -408 974 -475 683 -557 803 543 
-96 22 -240 -394 469 -608 -926 83 
381 -376 41 983 546 -376 -943 -422 
-614 -191 -12 413 648 -167 -676 328 
691 987 -271 795 -294 -437 956 263 
19 -946 405 -323 -969 -589 172 -498 
-153 -501 -555 524 158 544 800 -642 
414 562 233 -839 578 -378 -651 -283 

-48 404 -780 582 -494 902 755 -958 
-912 243 136 -173 -978 242 412 149 
-856 -312 749 645 -102 724 -260 776 
943 -529 -500 70 -896 -817 156 -996 
-104 -247 -187 697 588 476 184 112 
559 -163 975 215 609 -271 855 -66 
-520 -809 121 -912 4 -160 550 513 
-983 -684 -512 675 -60 -636 444 -879 

-781 -297 327 546 413 124 375 -93 
55 -746 -429 -533 -217 -689 -314 826 
34 -124 992 431 -394 494 -473 -463 
-504 -709 -571 -799 800 768 -600 -606 
908 372 -870 -266 106 -786 958 -117 
-924 -705 -794 494 -741 976 107 891 
-660 500 -171 -66 -447 138 -683 -14 
22 603 409 353 -371 879 373 627 

150 762 -910 470 -863 781 547 -931 
-439 982 -817 718 -547 240 393 103 
-723 -281 830 724 608 -304 661 862 
685 -618 -42 -891 -547 509 30 654 
629 -628 913 -18 273 936 -729 377 
942 -572 406 -909 23 316 462 548 
-787 794 -356 884 17 -354 831 743 
884 702 596 323 -424 -543 -47 -989 

164 690 -611 704 -572 956 -142 -342 
260 -715 654 -521 73 755 350 -772 
580 -310 -303 -514 -762 347 -158 97 
375 628 -620 -976 675 715 -2 898 
-879 -427 974 -454 414 77 -974 -941 
-943 -445 250 -313 -509 566 -285 360 
-586 288 -671 592 -867 -269 -123 931 
-170 -735 -276 593 547 852 436 -903 

-677 251 154 901 -213 708 694 -110 
127 456 504 -724 873 964 -185 -913 
-402 652 162 834 -380 -336 914 819 
300 -969 -385 273 458 -205 -42 -383 
193 -168 425 -628 -793 360 -969 133 
-446 -396 -847 27 -254 144 588 -343 
-837 749 -197 54 -480 933 -938 -500 
446 -707 -827 -972 -658 -145 517 -290 

-685 -854 453 71 263 529 -717 -977 
226 -231 591 974 718 -476 504 -845 
-178 196 -549 -563 -403 3 -883 393 
836 -9 140 -9 -546 940 -386 -894 
656 -972 -188 428 -978 -352 -747 575 
34 -883 -329 813 677 201 -193 434 
-834 247 29 -231 -416 -259 -753 -657 
-208 372 303 58 -537 343 -375 165 

-74 -198 807 947 481 -238 -909 163 
-394 258 -613 555 -207 -100 202 828 
920 300 702 -339 895 -557 738 338 
-12 958 -920 -840 515 759 125 447 
130 669 90 476 -238 79 -237 753 
285 -677 -545 184 392 342 971 505 
107 -721 472 167 -523 -832 -733 464 
-633 204 197 258 -448 -317 -179 -302 

947 -753 -57 -270 -174 -778 -458 448 
816 102 -91 -105 -404 140 -169 810 
-199 -189 872 223 38 -994 -924 -534 
152 346 -796 905 692 -655 -825 907 
-722 689 -159 -903 528 -10 -609 340 
692 -111 51 -38 -175 308 108 -846 
-444 161 958 126 -674 -929 108 306 
-568 -388 -847 -344 -921 101 -999 -201 

867 -455 77 -622 -684 -207 -599 867 
423 -180 657 407 -906 -316 -190 863 
399 136 -85 -533 661 218 533 -530 
465 -612 -294 326 53 -982 -714 997 
-360 -485 -623 627 -78 -29 -997 -486 
267 325 282 -782 110 -828 21 -934 
-540 415 689 123 -357 -304 -893 190 
344 -734 541 -50 112 -343 -686 492 

-678 -263 805 802 -146 -69 366 -778 
569 -367 -264 120 -511 -522 633 -230 
-591 -135 675 -777 -487 911 -900 -188 
-458 -865 -344 -923 -275 -411 -102 855 
701 6 661 31 804 770 558 -333 
145 850 623 -974 -402 -891 -120 -733 
-103 548 65 125 -257 -384 70 -608 
-319 -280 403 709 -402 -563 466 578 

-75 -471 437 674 -143 -143 860 -822 
-229 -294 384 406 -952 896 523 908 
108 -718 -586 -147 -16 -283 243 -297 
688 869 821 -215 -833 -915 489 391 
-93 369 -760 -629 625 511 309 -83 
-794 -236 998 -711 255 -741 -451 -581 
298 376 346 -909 -443 954 -604 880 
451 333 171 -504 113 -226 -868 842 

-307 -300 -506 501 421 130 -461 312 
-788 -546 942 -594 841 -45 -307 -637 
-551 -307 -473 382 -796 496 -979 -747 
-410 -341 -775 -561 -151 -148 322 -856 
-518 -633 314 -138 -85 408 576 46 
-225 -676 -185 -486 525 -553 -74 966 
-359 -533 882 -516 246 -223 717 181 
-706 -228 -423 140 240 -300 -163 298 

-295 -428 357 -316 -550 705 237 178 
333 -559 -26 -270 282 637 -938 -309 
-533 91 80 862 -110 984 -602 222 
-510 -709 683 448 779 -10 379 -513 
-272 229 -221 -549 -572 -541 7 -550 
-315 851 103 -795 76 822 148 116 
943 172 -259 -52 -663 -862 568 -70 
794 909 478 684 454 777 548 76 

